
Using the parameter settings in the file: 
''1602839348/clumpp.paramfile''

Parameter settings
----------------------- Main parameters -------------------------
DATATYPE = 0
INDFILE = 1602839348/ClumppIndFile
POPFILE = 
OUTFILE = 1602839348/ClumppIndFile.output
MISCFILE = 1602839348/ClumppIndFile.misc
K = 8
C = 48
R = 100
M = 3
W = 0
S = 2
- Additional options for the Greedy and LargeKGreedy algorithms -
GREEDY_OPTION = 2
REPEATS = 2000
PERMUTATIONFILE = 
----------------------- Optional outputs ------------------------
PRINT_PERMUTED_DATA = 1
PERMUTED_DATAFILE = arabid.perm_datafile
PRINT_EVERY_PERM = 0
EVERY_PERMFILE = 
PRINT_RANDOM_INPUTORDER = 0
RANDOM_INPUTORDERFILE = 
----------------------- Advanced options ------------------------
OVERRIDE_WARNINGS = 0
ORDER_BY_RUN = 1


In total, 2000 configurations of runs and clusters will be tested.

Results
------------------------------
The highest value of H' is: 0.72232829361166

The list of permutations of the clusters that produces that
H' value is (runs are listed sequentially on separate rows)

1 2 3 4 5 6 7 8 
5 2 3 6 8 4 7 1 
5 3 4 6 7 1 2 8 
4 3 1 6 7 5 8 2 
3 4 5 7 1 6 8 2 
6 4 2 1 7 5 8 3 
2 7 3 6 4 5 1 8 
2 6 4 3 5 7 1 8 
7 2 4 3 6 5 1 8 
6 3 7 1 8 2 5 4 
3 8 2 5 4 6 1 7 
4 3 5 8 6 7 1 2 
8 2 3 5 7 1 4 6 
5 3 8 1 6 4 7 2 
6 5 2 7 1 3 4 8 
6 8 5 4 7 2 1 3 
8 7 1 5 3 2 6 4 
6 2 4 5 3 7 8 1 
6 2 5 4 1 3 8 7 
7 8 5 3 6 2 4 1 
4 6 2 5 1 7 3 8 
3 8 6 7 4 1 2 5 
6 8 1 2 7 4 5 3 
5 4 3 1 8 7 6 2 
2 6 8 1 7 4 3 5 
7 4 6 8 1 3 5 2 
6 4 7 8 5 3 1 2 
2 3 8 5 7 4 6 1 
1 3 7 4 6 2 8 5 
8 1 7 3 6 5 4 2 
7 3 1 5 4 8 6 2 
4 2 3 6 5 7 1 8 
5 8 6 2 7 3 4 1 
7 4 8 2 1 6 3 5 
1 7 6 5 4 3 8 2 
6 1 5 8 4 2 7 3 
7 5 8 6 4 2 1 3 
4 8 5 2 6 1 7 3 
2 1 8 7 6 3 4 5 
2 5 3 4 7 6 8 1 
4 7 3 2 6 8 1 5 
2 7 3 8 1 5 4 6 
7 8 5 6 4 1 3 2 
6 7 3 8 4 1 5 2 
3 8 6 2 5 1 7 4 
1 2 6 3 4 5 7 8 
1 4 8 7 3 5 6 2 
3 1 8 6 5 7 4 2 
2 8 7 1 3 5 4 6 
3 6 4 8 5 7 2 1 
6 4 7 5 1 3 2 8 
1 6 5 2 7 8 3 4 
8 5 4 7 6 3 2 1 
3 5 6 4 1 2 7 8 
5 6 3 7 8 1 4 2 
1 3 2 8 7 4 5 6 
5 7 4 2 8 1 3 6 
8 1 5 6 2 4 3 7 
8 5 3 7 6 2 1 4 
8 6 3 4 1 5 2 7 
7 8 6 3 1 4 2 5 
4 6 3 1 2 5 8 7 
1 6 2 5 8 7 3 4 
4 2 8 5 7 6 3 1 
5 3 2 4 1 6 7 8 
1 3 2 8 4 6 7 5 
7 6 1 4 3 8 2 5 
2 1 6 3 5 4 8 7 
2 1 3 7 5 4 8 6 
5 2 6 1 7 3 4 8 
8 3 2 4 6 5 1 7 
4 6 2 1 7 8 5 3 
4 1 3 5 6 2 7 8 
5 4 8 6 3 7 2 1 
7 2 8 4 3 5 6 1 
8 1 6 4 5 3 2 7 
1 6 3 8 4 5 2 7 
3 4 6 5 2 7 1 8 
2 7 1 8 4 3 5 6 
8 3 1 5 6 2 4 7 
7 2 6 5 8 4 1 3 
8 5 7 1 4 2 3 6 
2 6 5 7 1 3 4 8 
7 3 6 2 4 8 5 1 
8 3 5 4 1 7 2 6 
5 8 3 6 2 4 1 7 
8 6 2 4 5 7 3 1 
7 3 2 4 8 6 1 5 
6 3 5 8 7 1 4 2 
8 2 5 1 3 7 4 6 
6 5 7 2 3 8 1 4 
5 6 7 4 1 3 2 8 
4 7 6 1 5 2 3 8 
1 8 6 3 2 4 5 7 
1 7 6 3 8 4 2 5 
2 8 5 4 7 1 3 6 
7 3 4 2 1 6 5 8 
2 1 7 6 5 8 4 3 
3 2 1 8 6 5 7 4 
4 2 8 7 5 1 3 6 

The pairwise G' values for each pair of runs where the clusters
of each run are permuted according to the list of permutations above

1.0000 0.5982 0.6025 0.5166 0.5959 0.6054 0.6008 0.5994 0.6027 0.5845 0.5974 0.5355 0.4996 0.6002 0.5974 0.6049 0.6062 0.6068 0.6054 0.5988 0.6042 0.6042 0.5965 0.4798 0.5980 0.5965 0.5158 0.5991 0.5526 0.6021 0.9831 0.5163 0.6065 0.4956 0.5973 0.5489 0.9846 0.9841 0.5359 0.6009 0.6035 0.5959 0.5922 0.5564 0.6048 0.9827 0.9811 0.5788 0.6041 0.5940 0.5955 0.5981 0.5990 0.5980 0.6365 0.9847 0.6039 0.5979 0.5967 0.5512 0.6023 0.6023 0.5953 0.5152 0.9830 0.5992 0.6030 0.5946 0.6035 0.6036 0.6007 0.6038 0.5962 0.6019 0.4757 0.6026 0.6026 0.6002 0.6007 0.6018 0.6000 0.5999 0.5591 0.6044 0.5972 0.6371 0.6379 0.6034 0.5146 0.5919 0.6012 0.5995 0.5987 0.6032 0.5988 0.5153 0.6014 0.6025 0.6030 0.6024 
0.5982 1.0000 0.7151 0.5758 0.9819 0.7191 0.9798 0.9822 0.7225 0.6842 0.9831 0.6230 0.6614 0.9833 0.9838 0.7141 0.7149 0.7200 0.7201 0.9849 0.7191 0.7188 0.9826 0.5608 0.9835 0.9830 0.5743 0.7150 0.6444 0.7121 0.5999 0.5730 0.7191 0.5923 0.9772 0.6395 0.5998 0.5996 0.6242 0.7165 0.7158 0.9832 0.9746 0.6510 0.7160 0.5962 0.5961 0.6048 0.7196 0.9781 0.9837 0.9805 0.9829 0.9815 0.5270 0.5979 0.7165 0.9806 0.9820 0.6475 0.7167 0.7175 0.9823 0.6917 0.5985 0.9818 0.7148 0.9824 0.7189 0.7169 0.7148 0.7191 0.9853 0.7179 0.5592 0.7154 0.7178 0.9832 0.7164 0.7184 0.7169 0.7169 0.6550 0.7177 0.9839 0.5257 0.5417 0.7153 0.5736 0.9608 0.7171 0.9816 0.7147 0.7160 0.9836 0.5740 0.7163 0.7190 0.7172 0.7208 
0.6025 0.7151 1.0000 0.6899 0.7122 0.9831 0.7123 0.7124 0.9767 0.6919 0.7149 0.6365 0.5701 0.7162 0.7156 0.7203 0.7204 0.9823 0.9842 0.7157 0.9827 0.9820 0.7126 0.6637 0.7126 0.7137 0.6891 0.9825 0.6504 0.7180 0.6041 0.6844 0.7241 0.6886 0.7093 0.6472 0.6039 0.6039 0.6376 0.9837 0.7207 0.7150 0.7069 0.6579 0.7216 0.6007 0.6011 0.6928 0.9838 0.7103 0.7143 0.7101 0.7139 0.7131 0.6217 0.6023 0.9835 0.7123 0.7151 0.6539 0.9863 0.9821 0.7150 0.5783 0.6026 0.7169 0.7216 0.7123 0.9844 0.9823 0.9833 0.9804 0.7133 0.9826 0.6661 0.9814 0.9849 0.7142 0.9815 0.9817 0.9797 0.9835 0.6607 0.9827 0.7145 0.6237 0.6443 0.7192 0.6870 0.7035 0.9819 0.7132 0.9809 0.9844 0.7154 0.6857 0.9831 0.9829 0.9834 0.9796 
0.5166 0.5758 0.6899 1.0000 0.5748 0.6891 0.5763 0.5753 0.6855 0.6373 0.5758 0.6693 0.7175 0.5782 0.5770 0.6062 0.6080 0.6891 0.6896 0.5769 0.6889 0.6896 0.5752 0.6918 0.5752 0.5752 0.9823 0.6872 0.6625 0.6048 0.5171 0.9773 0.6071 0.7224 0.5738 0.6658 0.5175 0.5177 0.6710 0.6885 0.6065 0.5761 0.5705 0.6545 0.6051 0.5146 0.5161 0.5568 0.6889 0.5735 0.5751 0.5742 0.5762 0.5756 0.5347 0.5158 0.6887 0.5751 0.5754 0.6555 0.6883 0.6873 0.5761 0.6951 0.5167 0.5774 0.6058 0.5744 0.6886 0.6884 0.6881 0.6877 0.5747 0.6891 0.6893 0.6875 0.6889 0.5776 0.6873 0.6870 0.6873 0.6882 0.6547 0.6891 0.5757 0.5352 0.5434 0.6071 0.9813 0.5699 0.6871 0.5761 0.6862 0.6897 0.5771 0.9749 0.6894 0.6881 0.6877 0.6873 
0.5959 0.9819 0.7122 0.5748 1.0000 0.7159 0.9803 0.9846 0.7193 0.6820 0.9810 0.6217 0.6627 0.9813 0.9804 0.7114 0.7123 0.7169 0.7170 0.9808 0.7160 0.7159 0.9861 0.5588 0.9845 0.9837 0.5733 0.7119 0.6428 0.7095 0.5975 0.5718 0.7163 0.5912 0.9806 0.6380 0.5975 0.5973 0.6228 0.7135 0.7131 0.9829 0.9801 0.6493 0.7133 0.5938 0.5939 0.6034 0.7166 0.9820 0.9842 0.9833 0.9827 0.9836 0.5252 0.5955 0.7135 0.9829 0.9799 0.6458 0.7136 0.7143 0.9852 0.6932 0.5962 0.9790 0.7121 0.9850 0.7158 0.7137 0.7117 0.7160 0.9830 0.7148 0.5572 0.7123 0.7148 0.9835 0.7133 0.7154 0.7138 0.7139 0.6532 0.7146 0.9840 0.5240 0.5406 0.7128 0.5725 0.9682 0.7140 0.9814 0.7116 0.7130 0.9829 0.5728 0.7134 0.7160 0.7142 0.7177 
0.6054 0.7191 0.9831 0.6891 0.7159 1.0000 0.7162 0.7162 0.9795 0.6951 0.7188 0.6378 0.5713 0.7201 0.7195 0.7241 0.7241 0.9854 0.9862 0.7197 0.9831 0.9816 0.7164 0.6635 0.7165 0.7175 0.6883 0.9796 0.6526 0.7217 0.6070 0.6839 0.7280 0.6868 0.7132 0.6492 0.6068 0.6069 0.6389 0.9828 0.7244 0.7189 0.7108 0.6604 0.7252 0.6036 0.6039 0.6919 0.9860 0.7139 0.7181 0.7141 0.7178 0.7170 0.6230 0.6052 0.9836 0.7161 0.7191 0.6561 0.9840 0.9799 0.7188 0.5806 0.6055 0.7208 0.7253 0.7162 0.9855 0.9826 0.9823 0.9844 0.7173 0.9822 0.6655 0.9810 0.9824 0.7181 0.9806 0.9832 0.9784 0.9816 0.6632 0.9837 0.7183 0.6246 0.6407 0.7230 0.6862 0.7072 0.9803 0.7171 0.9772 0.9815 0.7193 0.6850 0.9815 0.9828 0.9819 0.9807 
0.6008 0.9798 0.7123 0.5763 0.9803 0.7162 1.0000 0.9832 0.7192 0.6823 0.9815 0.6221 0.6644 0.9799 0.9778 0.7118 0.7128 0.7173 0.7173 0.9810 0.7162 0.7160 0.9804 0.5596 0.9823 0.9779 0.5748 0.7119 0.6432 0.7099 0.6025 0.5734 0.7167 0.5932 0.9803 0.6384 0.6023 0.6021 0.6232 0.7135 0.7136 0.9772 0.9745 0.6495 0.7138 0.5987 0.5987 0.6016 0.7167 0.9764 0.9793 0.9824 0.9820 0.9854 0.5280 0.6004 0.7136 0.9811 0.9758 0.6457 0.7137 0.7145 0.9775 0.6949 0.6011 0.9775 0.7124 0.9767 0.7160 0.7138 0.7117 0.7161 0.9778 0.7149 0.5576 0.7124 0.7149 0.9827 0.7132 0.7153 0.7136 0.7138 0.6534 0.7149 0.9820 0.5269 0.5431 0.7131 0.5740 0.9648 0.7139 0.9826 0.7114 0.7132 0.9799 0.5744 0.7134 0.7161 0.7142 0.7177 
0.5994 0.9822 0.7124 0.5753 0.9846 0.7162 0.9832 1.0000 0.7193 0.6830 0.9806 0.6221 0.6629 0.9827 0.9816 0.7127 0.7136 0.7172 0.7173 0.9836 0.7162 0.7160 0.9828 0.5582 0.9858 0.9814 0.5738 0.7119 0.6435 0.7108 0.6010 0.5724 0.7176 0.5905 0.9830 0.6386 0.6009 0.6007 0.6232 0.7135 0.7144 0.9791 0.9761 0.6500 0.7146 0.5973 0.5973 0.6028 0.7169 0.9806 0.9818 0.9840 0.9858 0.9838 0.5274 0.5989 0.7136 0.9817 0.9782 0.6464 0.7138 0.7145 0.9816 0.6940 0.5996 0.9795 0.7133 0.9817 0.7161 0.7139 0.7118 0.7161 0.9806 0.7149 0.5564 0.7125 0.7150 0.9839 0.7133 0.7154 0.7138 0.7139 0.6539 0.7149 0.9844 0.5263 0.5414 0.7141 0.5730 0.9656 0.7141 0.9818 0.7116 0.7132 0.9823 0.5734 0.7134 0.7161 0.7143 0.7178 
0.6027 0.7225 0.9767 0.6855 0.7193 0.9795 0.7192 0.7193 1.0000 0.6965 0.7221 0.6387 0.5705 0.7232 0.7231 0.7256 0.7256 0.9791 0.9797 0.7230 0.9805 0.9778 0.7197 0.6655 0.7198 0.7210 0.6848 0.9788 0.6538 0.7235 0.6043 0.6804 0.7296 0.6872 0.7161 0.6504 0.6041 0.6041 0.6399 0.9791 0.7262 0.7226 0.7143 0.6617 0.7269 0.6010 0.6012 0.6950 0.9809 0.7173 0.7216 0.7172 0.7210 0.7202 0.6182 0.6025 0.9772 0.7193 0.7228 0.6578 0.9819 0.9796 0.7223 0.5804 0.6027 0.7241 0.7270 0.7196 0.9793 0.9809 0.9783 0.9829 0.7210 0.9814 0.6676 0.9739 0.9795 0.7213 0.9823 0.9833 0.9803 0.9817 0.6646 0.9786 0.7217 0.6197 0.6410 0.7246 0.6826 0.7104 0.9829 0.7205 0.9768 0.9755 0.7226 0.6817 0.9770 0.9828 0.9802 0.9809 
0.5845 0.6842 0.6919 0.6373 0.6820 0.6951 0.6823 0.6830 0.6965 1.0000 0.6847 0.8412 0.6064 0.6859 0.6862 0.9125 0.9151 0.6953 0.6952 0.6853 0.6951 0.6938 0.6828 0.6083 0.6829 0.6829 0.6362 0.6919 0.8975 0.9141 0.5849 0.6346 0.9092 0.6421 0.6799 0.8870 0.5851 0.5854 0.8433 0.6928 0.9133 0.6843 0.6778 0.9231 0.9085 0.5818 0.5827 0.5634 0.6954 0.6808 0.6830 0.6812 0.6839 0.6823 0.5133 0.5838 0.6923 0.6819 0.6847 0.9120 0.6935 0.6931 0.6841 0.6339 0.5844 0.6863 0.9120 0.6826 0.6952 0.6935 0.6918 0.6947 0.6839 0.6943 0.6037 0.6912 0.6940 0.6840 0.6940 0.6937 0.6929 0.6933 0.9281 0.6934 0.6844 0.5121 0.5243 0.9152 0.6361 0.6747 0.6934 0.6830 0.6918 0.6926 0.6852 0.6360 0.6926 0.6948 0.6930 0.6952 
0.5974 0.9831 0.7149 0.5758 0.9810 0.7188 0.9815 0.9806 0.7221 0.6847 1.0000 0.6236 0.6616 0.9823 0.9813 0.7146 0.7154 0.7198 0.7198 0.9827 0.7188 0.7186 0.9818 0.5596 0.9817 0.9792 0.5743 0.7147 0.6447 0.7128 0.5991 0.5728 0.7195 0.5933 0.9774 0.6399 0.5990 0.5988 0.6247 0.7163 0.7163 0.9797 0.9748 0.6514 0.7166 0.5953 0.5952 0.6038 0.7194 0.9779 0.9814 0.9805 0.9830 0.9814 0.5251 0.5970 0.7163 0.9798 0.9819 0.6477 0.7164 0.7172 0.9821 0.6915 0.5977 0.9806 0.7153 0.9814 0.7186 0.7166 0.7145 0.7188 0.9833 0.7177 0.5579 0.7150 0.7175 0.9820 0.7160 0.7180 0.7166 0.7166 0.6552 0.7175 0.9816 0.5240 0.5392 0.7159 0.5735 0.9618 0.7168 0.9805 0.7143 0.7157 0.9838 0.5738 0.7162 0.7187 0.7169 0.7205 
0.5355 0.6230 0.6365 0.6693 0.6217 0.6378 0.6221 0.6221 0.6387 0.8412 0.6236 1.0000 0.6546 0.6249 0.6252 0.7811 0.7825 0.6385 0.6385 0.6238 0.6391 0.6378 0.6223 0.6358 0.6222 0.6221 0.6700 0.6363 0.9211 0.7820 0.5356 0.6684 0.7792 0.6713 0.6197 0.9322 0.5361 0.5363 0.9827 0.6372 0.7821 0.6241 0.6180 0.8868 0.7795 0.5329 0.5342 0.5221 0.6385 0.6209 0.6222 0.6211 0.6231 0.6219 0.4750 0.5348 0.6363 0.6215 0.6233 0.8960 0.6371 0.6369 0.6234 0.6356 0.5354 0.6247 0.7806 0.6220 0.6384 0.6375 0.6363 0.6379 0.6231 0.6386 0.6357 0.6352 0.6380 0.6236 0.6376 0.6371 0.6372 0.6380 0.8871 0.6370 0.6234 0.4742 0.4896 0.7831 0.6674 0.6162 0.6371 0.6226 0.6362 0.6370 0.6242 0.6671 0.6377 0.6380 0.6368 0.6388 
0.4996 0.6614 0.5701 0.7175 0.6627 0.5713 0.6644 0.6629 0.5705 0.6064 0.6616 0.6546 1.0000 0.6639 0.6625 0.5794 0.5815 0.5723 0.5724 0.6621 0.5715 0.5720 0.6628 0.5816 0.6629 0.6618 0.7170 0.5682 0.6396 0.5782 0.5002 0.7196 0.5812 0.6138 0.6637 0.6433 0.5009 0.5008 0.6556 0.5698 0.5805 0.6619 0.6609 0.6252 0.5789 0.4975 0.4989 0.4825 0.5716 0.6627 0.6613 0.6635 0.6630 0.6629 0.4506 0.4988 0.5699 0.6629 0.6606 0.6281 0.5695 0.5696 0.6619 0.8487 0.5000 0.6619 0.5787 0.6618 0.5709 0.5698 0.5687 0.5704 0.6615 0.5712 0.5801 0.5686 0.5707 0.6645 0.5685 0.5695 0.5693 0.5699 0.6268 0.5707 0.6618 0.4495 0.4560 0.5817 0.7168 0.6620 0.5689 0.6637 0.5674 0.5706 0.6627 0.7178 0.5711 0.5706 0.5697 0.5715 
0.6002 0.9833 0.7162 0.5782 0.9813 0.7201 0.9799 0.9827 0.7232 0.6859 0.9823 0.6249 0.6639 1.0000 0.9829 0.7156 0.7164 0.7211 0.7210 0.9852 0.7199 0.7198 0.9820 0.5613 0.9840 0.9816 0.5767 0.7158 0.6461 0.7136 0.6018 0.5753 0.7205 0.5916 0.9779 0.6413 0.6018 0.6016 0.6259 0.7175 0.7172 0.9796 0.9715 0.6527 0.7173 0.5981 0.5981 0.6023 0.7206 0.9763 0.9835 0.9802 0.9843 0.9806 0.5289 0.5998 0.7175 0.9768 0.9813 0.6490 0.7176 0.7182 0.9802 0.6939 0.6005 0.9856 0.7162 0.9801 0.7198 0.7177 0.7157 0.7200 0.9811 0.7188 0.5596 0.7162 0.7187 0.9836 0.7172 0.7192 0.7176 0.7177 0.6566 0.7187 0.9838 0.5276 0.5427 0.7168 0.5759 0.9577 0.7179 0.9828 0.7154 0.7170 0.9854 0.5762 0.7173 0.7200 0.7181 0.7215 
0.5974 0.9838 0.7156 0.5770 0.9804 0.7195 0.9778 0.9816 0.7231 0.6862 0.9813 0.6252 0.6625 0.9829 1.0000 0.7161 0.7168 0.7205 0.7205 0.9856 0.7196 0.7194 0.9801 0.5600 0.9832 0.9814 0.5755 0.7155 0.6466 0.7142 0.5991 0.5740 0.7209 0.5906 0.9747 0.6416 0.5990 0.5987 0.6263 0.7169 0.7177 0.9830 0.9714 0.6532 0.7178 0.5954 0.5954 0.6031 0.7201 0.9760 0.9837 0.9784 0.9826 0.9807 0.5252 0.5971 0.7170 0.9770 0.9810 0.6496 0.7172 0.7179 0.9816 0.6927 0.5976 0.9825 0.7167 0.9796 0.7194 0.7173 0.7153 0.7196 0.9845 0.7185 0.5586 0.7158 0.7184 0.9823 0.7169 0.7189 0.7174 0.7174 0.6571 0.7182 0.9840 0.5240 0.5421 0.7171 0.5747 0.9569 0.7176 0.9796 0.7152 0.7165 0.9803 0.5751 0.7169 0.7196 0.7178 0.7212 
0.6049 0.7141 0.7203 0.6062 0.7114 0.7241 0.7118 0.7127 0.7256 0.9125 0.7146 0.7811 0.5794 0.7156 0.7161 1.0000 0.9841 0.7243 0.7239 0.7154 0.7238 0.7225 0.7122 0.5803 0.7125 0.7125 0.6052 0.7204 0.8226 0.9834 0.6056 0.6034 0.9836 0.6085 0.7091 0.8129 0.6055 0.6059 0.7817 0.7212 0.9825 0.7139 0.7070 0.8413 0.9814 0.6024 0.6029 0.5829 0.7242 0.7099 0.7129 0.7105 0.7136 0.7120 0.5298 0.6044 0.7209 0.7115 0.7145 0.8320 0.7222 0.7219 0.7137 0.6055 0.6048 0.7164 0.9838 0.7122 0.7240 0.7219 0.7203 0.7235 0.7136 0.7228 0.5776 0.7201 0.7227 0.7133 0.7226 0.7226 0.7213 0.7217 0.8458 0.7220 0.7143 0.5289 0.5431 0.9794 0.6045 0.7031 0.7219 0.7125 0.7204 0.7211 0.7147 0.6046 0.7207 0.7237 0.7217 0.7240 
0.6062 0.7149 0.7204 0.6080 0.7123 0.7241 0.7128 0.7136 0.7256 0.9151 0.7154 0.7825 0.5815 0.7164 0.7168 0.9841 1.0000 0.7245 0.7241 0.7161 0.7239 0.7226 0.7131 0.5811 0.7134 0.7133 0.6071 0.7205 0.8247 0.9823 0.6069 0.6052 0.9836 0.6127 0.7100 0.8150 0.6067 0.6071 0.7833 0.7213 0.9846 0.7148 0.7079 0.8438 0.9834 0.6037 0.6042 0.5836 0.7244 0.7108 0.7136 0.7113 0.7145 0.7130 0.5306 0.6056 0.7210 0.7124 0.7152 0.8343 0.7223 0.7221 0.7145 0.6081 0.6061 0.7172 0.9834 0.7129 0.7241 0.7221 0.7203 0.7235 0.7144 0.7229 0.5783 0.7200 0.7229 0.7141 0.7226 0.7227 0.7213 0.7217 0.8483 0.7222 0.7152 0.5298 0.5461 0.9807 0.6065 0.7043 0.7220 0.7133 0.7205 0.7213 0.7155 0.6066 0.7208 0.7237 0.7217 0.7240 
0.6068 0.7200 0.9823 0.6891 0.7169 0.9854 0.7173 0.7172 0.9791 0.6953 0.7198 0.6385 0.5723 0.7211 0.7205 0.7243 0.7245 1.0000 0.9863 0.7207 0.9840 0.9843 0.7174 0.6633 0.7176 0.7185 0.6883 0.9792 0.6531 0.7220 0.6084 0.6838 0.7282 0.6881 0.7142 0.6496 0.6082 0.6081 0.6395 0.9832 0.7249 0.7199 0.7119 0.6607 0.7255 0.6050 0.6053 0.6934 0.9855 0.7150 0.7191 0.7151 0.7188 0.7181 0.6234 0.6066 0.9839 0.7171 0.7201 0.6564 0.9834 0.9824 0.7197 0.5812 0.6068 0.7218 0.7255 0.7171 0.9845 0.9833 0.9817 0.9858 0.7183 0.9837 0.6654 0.9785 0.9848 0.7191 0.9798 0.9816 0.9798 0.9813 0.6636 0.9842 0.7194 0.6253 0.6444 0.7234 0.6862 0.7083 0.9813 0.7182 0.9767 0.9828 0.7203 0.6850 0.9808 0.9834 0.9824 0.9816 
0.6054 0.7201 0.9842 0.6896 0.7170 0.9862 0.7173 0.7173 0.9797 0.6952 0.7198 0.6385 0.5724 0.7210 0.7205 0.7239 0.7241 0.9863 1.0000 0.7207 0.9861 0.9845 0.7175 0.6628 0.7176 0.7185 0.6888 0.9794 0.6531 0.7217 0.6070 0.6843 0.7278 0.6895 0.7143 0.6498 0.6068 0.6068 0.6396 0.9833 0.7245 0.7200 0.7120 0.6608 0.7253 0.6036 0.6039 0.6936 0.9866 0.7151 0.7191 0.7151 0.7188 0.7181 0.6219 0.6052 0.9826 0.7172 0.7200 0.6566 0.9829 0.9832 0.7198 0.5818 0.6054 0.7218 0.7252 0.7171 0.9869 0.9830 0.9807 0.9835 0.7183 0.9829 0.6647 0.9802 0.9854 0.7191 0.9821 0.9826 0.9799 0.9831 0.6637 0.9833 0.7194 0.6237 0.6441 0.7230 0.6866 0.7084 0.9828 0.7182 0.9784 0.9820 0.7202 0.6855 0.9813 0.9844 0.9834 0.9813 
0.5988 0.9849 0.7157 0.5769 0.9808 0.7197 0.9810 0.9836 0.7230 0.6853 0.9827 0.6238 0.6621 0.9852 0.9856 0.7154 0.7161 0.7207 0.7207 1.0000 0.7196 0.7194 0.9827 0.5598 0.9843 0.9809 0.5754 0.7155 0.6453 0.7134 0.6004 0.5740 0.7203 0.5902 0.9784 0.6403 0.6003 0.6001 0.6249 0.7170 0.7170 0.9817 0.9717 0.6520 0.7172 0.5968 0.5967 0.6015 0.7203 0.9771 0.9848 0.9800 0.9831 0.9818 0.5277 0.5984 0.7171 0.9791 0.9815 0.6482 0.7173 0.7179 0.9808 0.6928 0.5990 0.9846 0.7159 0.9806 0.7195 0.7173 0.7153 0.7196 0.9828 0.7185 0.5581 0.7160 0.7185 0.9845 0.7169 0.7189 0.7173 0.7174 0.6559 0.7183 0.9851 0.5265 0.5415 0.7165 0.5747 0.9581 0.7175 0.9820 0.7151 0.7167 0.9830 0.5750 0.7169 0.7197 0.7177 0.7212 
0.6042 0.7191 0.9827 0.6889 0.7160 0.9831 0.7162 0.7162 0.9805 0.6951 0.7188 0.6391 0.5715 0.7199 0.7196 0.7238 0.7239 0.9840 0.9861 0.7196 1.0000 0.9853 0.7164 0.6644 0.7164 0.7175 0.6881 0.9807 0.6534 0.7216 0.6058 0.6836 0.7277 0.6898 0.7130 0.6501 0.6056 0.6055 0.6401 0.9842 0.7243 0.7190 0.7109 0.6610 0.7252 0.6024 0.6027 0.6947 0.9838 0.7140 0.7181 0.7140 0.7177 0.7170 0.6210 0.6040 0.9843 0.7162 0.7190 0.6569 0.9850 0.9853 0.7188 0.5803 0.6042 0.7207 0.7251 0.7162 0.9850 0.9851 0.9830 0.9835 0.7174 0.9857 0.6666 0.9819 0.9863 0.7180 0.9815 0.9834 0.9829 0.9849 0.6638 0.9829 0.7184 0.6229 0.6439 0.7229 0.6860 0.7074 0.9835 0.7171 0.9804 0.9821 0.7192 0.6848 0.9820 0.9819 0.9836 0.9841 
0.6042 0.7188 0.9820 0.6896 0.7159 0.9816 0.7160 0.7160 0.9778 0.6938 0.7186 0.6378 0.5720 0.7198 0.7194 0.7225 0.7226 0.9843 0.9845 0.7194 0.9853 1.0000 0.7164 0.6634 0.7162 0.7173 0.6886 0.9785 0.6521 0.7203 0.6058 0.6841 0.7263 0.6893 0.7129 0.6489 0.6055 0.6055 0.6388 0.9840 0.7231 0.7187 0.7108 0.6597 0.7238 0.6025 0.6027 0.6950 0.9825 0.7138 0.7179 0.7138 0.7176 0.7169 0.6210 0.6040 0.9836 0.7159 0.7187 0.6555 0.9836 0.9832 0.7186 0.5808 0.6042 0.7205 0.7237 0.7160 0.9829 0.9826 0.9831 0.9831 0.7172 0.9827 0.6656 0.9804 0.9842 0.7179 0.9804 0.9824 0.9827 0.9818 0.6626 0.9823 0.7181 0.6230 0.6452 0.7216 0.6866 0.7072 0.9818 0.7169 0.9781 0.9822 0.7190 0.6854 0.9806 0.9816 0.9843 0.9825 
0.5965 0.9826 0.7126 0.5752 0.9861 0.7164 0.9804 0.9828 0.7197 0.6828 0.9818 0.6223 0.6628 0.9820 0.9801 0.7122 0.7131 0.7174 0.7175 0.9827 0.7164 0.7164 1.0000 0.5589 0.9838 0.9818 0.5737 0.7124 0.6435 0.7103 0.5981 0.5722 0.7171 0.5917 0.9819 0.6387 0.5980 0.5979 0.6235 0.7139 0.7140 0.9815 0.9791 0.6500 0.7141 0.5944 0.5944 0.6025 0.7171 0.9818 0.9842 0.9837 0.9823 0.9838 0.5258 0.5961 0.7140 0.9819 0.9801 0.6464 0.7141 0.7148 0.9842 0.6934 0.5968 0.9802 0.7128 0.9844 0.7163 0.7141 0.7121 0.7164 0.9831 0.7152 0.5572 0.7127 0.7153 0.9840 0.7138 0.7157 0.7142 0.7143 0.6539 0.7152 0.9851 0.5246 0.5397 0.7135 0.5730 0.9653 0.7145 0.9830 0.7120 0.7135 0.9835 0.5733 0.7138 0.7165 0.7146 0.7182 
0.4798 0.5608 0.6637 0.6918 0.5588 0.6635 0.5596 0.5582 0.6655 0.6083 0.5596 0.6358 0.5816 0.5613 0.5600 0.5803 0.5811 0.6633 0.6628 0.5598 0.6644 0.6634 0.5589 1.0000 0.5593 0.5616 0.6920 0.6672 0.6279 0.5792 0.4793 0.6907 0.5819 0.7046 0.5575 0.6311 0.4823 0.4822 0.6381 0.6654 0.5814 0.5616 0.5566 0.6227 0.5793 0.4795 0.4793 0.5500 0.6646 0.5576 0.5601 0.5588 0.5598 0.5595 0.5327 0.4787 0.6662 0.5588 0.5634 0.6257 0.6654 0.6656 0.5612 0.5638 0.4810 0.5616 0.5814 0.5590 0.6633 0.6655 0.6649 0.6652 0.5596 0.6651 0.9690 0.6659 0.6623 0.5606 0.6627 0.6663 0.6647 0.6661 0.6236 0.6636 0.5609 0.5321 0.5015 0.5825 0.6897 0.5563 0.6641 0.5623 0.6662 0.6649 0.5626 0.6882 0.6660 0.6641 0.6629 0.6671 
0.5980 0.9835 0.7126 0.5752 0.9845 0.7165 0.9823 0.9858 0.7198 0.6829 0.9817 0.6222 0.6629 0.9840 0.9832 0.7125 0.7134 0.7176 0.7176 0.9843 0.7164 0.7162 0.9838 0.5593 1.0000 0.9849 0.5738 0.7124 0.6435 0.7105 0.5996 0.5723 0.7175 0.5896 0.9831 0.6386 0.5996 0.5993 0.6234 0.7139 0.7143 0.9825 0.9773 0.6500 0.7143 0.5959 0.5960 0.6023 0.7171 0.9818 0.9856 0.9853 0.9861 0.9843 0.5269 0.5976 0.7140 0.9807 0.9814 0.6464 0.7141 0.7148 0.9834 0.6935 0.5983 0.9819 0.7131 0.9829 0.7164 0.7142 0.7121 0.7164 0.9826 0.7152 0.5576 0.7128 0.7153 0.9861 0.7137 0.7158 0.7141 0.7143 0.6539 0.7152 0.9861 0.5257 0.5413 0.7137 0.5729 0.9639 0.7144 0.9843 0.7120 0.7135 0.9846 0.5733 0.7138 0.7165 0.7146 0.7181 
0.5965 0.9830 0.7137 0.5752 0.9837 0.7175 0.9779 0.9814 0.7210 0.6829 0.9792 0.6221 0.6618 0.9816 0.9814 0.7125 0.7133 0.7185 0.7185 0.9809 0.7175 0.7173 0.9818 0.5616 0.9849 1.0000 0.5737 0.7135 0.6433 0.7105 0.5981 0.5723 0.7174 0.5894 0.9784 0.6383 0.5981 0.5978 0.6233 0.7150 0.7141 0.9836 0.9753 0.6498 0.7142 0.5944 0.5945 0.6026 0.7181 0.9776 0.9826 0.9809 0.9823 0.9819 0.5269 0.5961 0.7150 0.9800 0.9812 0.6463 0.7152 0.7158 0.9848 0.6919 0.5968 0.9794 0.7131 0.9832 0.7173 0.7153 0.7133 0.7175 0.9824 0.7164 0.5600 0.7138 0.7162 0.9826 0.7148 0.7170 0.7153 0.7154 0.6538 0.7161 0.9839 0.5256 0.5418 0.7136 0.5729 0.9632 0.7155 0.9809 0.7131 0.7145 0.9831 0.5732 0.7148 0.7176 0.7156 0.7192 
0.5158 0.5743 0.6891 0.9823 0.5733 0.6883 0.5748 0.5738 0.6848 0.6362 0.5743 0.6700 0.7170 0.5767 0.5755 0.6052 0.6071 0.6883 0.6888 0.5754 0.6881 0.6886 0.5737 0.6920 0.5738 0.5737 1.0000 0.6864 0.6619 0.6038 0.5163 0.9775 0.6062 0.7214 0.5723 0.6655 0.5167 0.5170 0.6717 0.6877 0.6055 0.5747 0.5690 0.6533 0.6041 0.5139 0.5153 0.5555 0.6880 0.5720 0.5737 0.5727 0.5748 0.5741 0.5339 0.5151 0.6878 0.5736 0.5740 0.6545 0.6876 0.6865 0.5746 0.6918 0.5159 0.5759 0.6048 0.5729 0.6878 0.6875 0.6873 0.6869 0.5732 0.6883 0.6898 0.6866 0.6881 0.5761 0.6866 0.6861 0.6863 0.6874 0.6537 0.6883 0.5742 0.5343 0.5428 0.6061 0.9801 0.5683 0.6863 0.5746 0.6853 0.6889 0.5756 0.9749 0.6886 0.6872 0.6868 0.6865 
0.5991 0.7150 0.9825 0.6872 0.7119 0.9796 0.7119 0.7119 0.9788 0.6919 0.7147 0.6363 0.5682 0.7158 0.7155 0.7204 0.7205 0.9792 0.9794 0.7155 0.9807 0.9785 0.7124 0.6672 0.7124 0.7135 0.6864 1.0000 0.6500 0.7182 0.6007 0.6817 0.7244 0.6885 0.7089 0.6469 0.6006 0.6006 0.6375 0.9840 0.7211 0.7150 0.7070 0.6578 0.7219 0.5974 0.5978 0.6942 0.9821 0.7101 0.7142 0.7099 0.7136 0.7128 0.6197 0.5989 0.9819 0.7121 0.7154 0.6539 0.9836 0.9830 0.7149 0.5762 0.5993 0.7168 0.7220 0.7123 0.9816 0.9831 0.9845 0.9810 0.7133 0.9823 0.6698 0.9816 0.9811 0.7138 0.9815 0.9837 0.9830 0.9865 0.6606 0.9808 0.7144 0.6218 0.6387 0.7195 0.6844 0.7035 0.9840 0.7131 0.9866 0.9832 0.7152 0.6830 0.9844 0.9825 0.9836 0.9806 
0.5526 0.6444 0.6504 0.6625 0.6428 0.6526 0.6432 0.6435 0.6538 0.8975 0.6447 0.9211 0.6396 0.6461 0.6466 0.8226 0.8247 0.6531 0.6531 0.6453 0.6534 0.6521 0.6435 0.6279 0.6435 0.6433 0.6619 0.6500 1.0000 0.8237 0.5527 0.6608 0.8201 0.6648 0.6407 0.9776 0.5530 0.5533 0.9225 0.6512 0.8235 0.6451 0.6389 0.9589 0.8197 0.5499 0.5511 0.5322 0.6532 0.6417 0.6434 0.6421 0.6442 0.6430 0.4851 0.5518 0.6504 0.6425 0.6446 0.9659 0.6514 0.6510 0.6445 0.6519 0.5524 0.6463 0.8217 0.6431 0.6529 0.6517 0.6501 0.6526 0.6443 0.6526 0.6238 0.6492 0.6522 0.6448 0.6519 0.6516 0.6513 0.6519 0.9566 0.6514 0.6447 0.4838 0.4997 0.8248 0.6609 0.6365 0.6514 0.6436 0.6499 0.6510 0.6455 0.6610 0.6512 0.6526 0.6510 0.6532 
0.6021 0.7121 0.7180 0.6048 0.7095 0.7217 0.7099 0.7108 0.7235 0.9141 0.7128 0.7820 0.5782 0.7136 0.7142 0.9834 0.9823 0.7220 0.7217 0.7134 0.7216 0.7203 0.7103 0.5792 0.7105 0.7105 0.6038 0.7182 0.8237 1.0000 0.6028 0.6019 0.9791 0.6107 0.7072 0.8139 0.6026 0.6030 0.7828 0.7190 0.9816 0.7120 0.7052 0.8427 0.9813 0.5995 0.6000 0.5815 0.7219 0.7080 0.7109 0.7085 0.7116 0.7101 0.5266 0.6015 0.7186 0.7095 0.7125 0.8333 0.7200 0.7198 0.7119 0.6043 0.6020 0.7144 0.9837 0.7103 0.7217 0.7198 0.7181 0.7212 0.7117 0.7206 0.5766 0.7178 0.7205 0.7112 0.7204 0.7205 0.7191 0.7195 0.8472 0.7198 0.7124 0.5258 0.5410 0.9824 0.6030 0.7015 0.7199 0.7105 0.7185 0.7188 0.7127 0.6031 0.7186 0.7215 0.7195 0.7218 
0.9831 0.5999 0.6041 0.5171 0.5975 0.6070 0.6025 0.6010 0.6043 0.5849 0.5991 0.5356 0.5002 0.6018 0.5991 0.6056 0.6069 0.6084 0.6070 0.6004 0.6058 0.6058 0.5981 0.4793 0.5996 0.5981 0.5163 0.6007 0.5527 0.6028 1.0000 0.5167 0.6073 0.4965 0.5989 0.5490 0.9824 0.9818 0.5359 0.6025 0.6043 0.5976 0.5938 0.5566 0.6055 0.9802 0.9779 0.5818 0.6056 0.5956 0.5972 0.5997 0.6006 0.5996 0.6347 0.9822 0.6055 0.5996 0.5983 0.5514 0.6039 0.6039 0.5969 0.5159 0.9818 0.6009 0.6037 0.5962 0.6050 0.6052 0.6022 0.6054 0.5979 0.6035 0.4752 0.6042 0.6042 0.6018 0.6023 0.6032 0.6017 0.6014 0.5593 0.6061 0.5988 0.6352 0.6386 0.6041 0.5151 0.5934 0.6028 0.6011 0.6002 0.6048 0.6004 0.5159 0.6030 0.6041 0.6046 0.6040 
0.5163 0.5730 0.6844 0.9773 0.5718 0.6839 0.5734 0.5724 0.6804 0.6346 0.5728 0.6684 0.7196 0.5753 0.5740 0.6034 0.6052 0.6838 0.6843 0.5740 0.6836 0.6841 0.5722 0.6907 0.5723 0.5723 0.9775 0.6817 0.6608 0.6019 0.5167 1.0000 0.6044 0.7171 0.5709 0.6641 0.5173 0.5176 0.6700 0.6829 0.6036 0.5732 0.5675 0.6519 0.6021 0.5144 0.5159 0.5532 0.6835 0.5705 0.5721 0.5713 0.5733 0.5726 0.5341 0.5156 0.6832 0.5722 0.5725 0.6532 0.6831 0.6819 0.5730 0.6944 0.5165 0.5745 0.6029 0.5714 0.6832 0.6830 0.6826 0.6825 0.5718 0.6837 0.6882 0.6820 0.6834 0.5746 0.6819 0.6816 0.6817 0.6828 0.6524 0.6836 0.5727 0.5343 0.5417 0.6042 0.9790 0.5669 0.6817 0.5732 0.6806 0.6843 0.5742 0.9810 0.6838 0.6827 0.6823 0.6820 
0.6065 0.7191 0.7241 0.6071 0.7163 0.7280 0.7167 0.7176 0.7296 0.9092 0.7195 0.7792 0.5812 0.7205 0.7209 0.9836 0.9836 0.7282 0.7278 0.7203 0.7277 0.7263 0.7171 0.5819 0.7175 0.7174 0.6062 0.7244 0.8201 0.9791 0.6073 0.6044 1.0000 0.6120 0.7140 0.8106 0.6072 0.6076 0.7800 0.7251 0.9825 0.7188 0.7119 0.8385 0.9833 0.6040 0.6046 0.5871 0.7282 0.7148 0.7178 0.7153 0.7185 0.7169 0.5321 0.6060 0.7248 0.7164 0.7195 0.8296 0.7261 0.7259 0.7186 0.6073 0.6065 0.7213 0.9826 0.7170 0.7279 0.7259 0.7242 0.7275 0.7185 0.7267 0.5793 0.7240 0.7267 0.7182 0.7265 0.7265 0.7253 0.7257 0.8432 0.7259 0.7193 0.5313 0.5465 0.9796 0.6055 0.7081 0.7259 0.7174 0.7244 0.7250 0.7196 0.6057 0.7247 0.7276 0.7256 0.7279 
0.4956 0.5923 0.6886 0.7224 0.5912 0.6868 0.5932 0.5905 0.6872 0.6421 0.5933 0.6713 0.6138 0.5916 0.5906 0.6085 0.6127 0.6881 0.6895 0.5902 0.6898 0.6893 0.5917 0.7046 0.5896 0.5894 0.7214 0.6885 0.6648 0.6107 0.4965 0.7171 0.6120 1.0000 0.5898 0.6710 0.4975 0.4965 0.6737 0.6892 0.6136 0.5913 0.5906 0.6606 0.6132 0.4932 0.4943 0.5993 0.6876 0.5913 0.5900 0.5904 0.5907 0.5926 0.5111 0.4946 0.6874 0.5925 0.5908 0.6629 0.6875 0.6895 0.5918 0.6055 0.4958 0.5911 0.6115 0.5906 0.6880 0.6889 0.6870 0.6881 0.5903 0.6885 0.7011 0.6867 0.6888 0.5906 0.6886 0.6873 0.6899 0.6896 0.6614 0.6883 0.5911 0.5136 0.5287 0.6155 0.7199 0.5939 0.6894 0.5909 0.6879 0.6876 0.5922 0.7188 0.6889 0.6882 0.6893 0.6895 
0.5973 0.9772 0.7093 0.5738 0.9806 0.7132 0.9803 0.9830 0.7161 0.6799 0.9774 0.6197 0.6637 0.9779 0.9747 0.7091 0.7100 0.7142 0.7143 0.9784 0.7130 0.7129 0.9819 0.5575 0.9831 0.9784 0.5723 0.7089 0.6407 0.7072 0.5989 0.5709 0.7140 0.5898 1.0000 0.6360 0.5990 0.5987 0.6209 0.7105 0.7108 0.9751 0.9804 0.6472 0.7110 0.5952 0.5952 0.6014 0.7138 0.9833 0.9778 0.9841 0.9821 0.9834 0.5266 0.5969 0.7106 0.9802 0.9745 0.6434 0.7107 0.7114 0.9780 0.6948 0.5976 0.9747 0.7096 0.9801 0.7129 0.7107 0.7087 0.7130 0.9764 0.7117 0.5555 0.7095 0.7118 0.9810 0.7102 0.7123 0.7106 0.7108 0.6510 0.7119 0.9806 0.5254 0.5385 0.7105 0.5715 0.9682 0.7109 0.9797 0.7084 0.7102 0.9791 0.5719 0.7104 0.7130 0.7112 0.7147 
0.5489 0.6395 0.6472 0.6658 0.6380 0.6492 0.6384 0.6386 0.6504 0.8870 0.6399 0.9322 0.6433 0.6413 0.6416 0.8129 0.8150 0.6496 0.6498 0.6403 0.6501 0.6489 0.6387 0.6311 0.6386 0.6383 0.6655 0.6469 0.9776 0.8139 0.5490 0.6641 0.8106 0.6710 0.6360 1.0000 0.5494 0.5496 0.9343 0.6481 0.8139 0.6402 0.6342 0.9481 0.8104 0.5462 0.5473 0.5306 0.6498 0.6370 0.6386 0.6373 0.6394 0.6382 0.4830 0.5480 0.6472 0.6377 0.6397 0.9565 0.6482 0.6479 0.6396 0.6513 0.5487 0.6412 0.8123 0.6383 0.6496 0.6484 0.6469 0.6492 0.6394 0.6494 0.6273 0.6460 0.6490 0.6399 0.6487 0.6482 0.6481 0.6487 0.9463 0.6482 0.6397 0.4817 0.4955 0.8155 0.6643 0.6319 0.6482 0.6388 0.6466 0.6478 0.6407 0.6642 0.6481 0.6493 0.6479 0.6499 
0.9846 0.5998 0.6039 0.5175 0.5975 0.6068 0.6023 0.6009 0.6041 0.5851 0.5990 0.5361 0.5009 0.6018 0.5990 0.6055 0.6067 0.6082 0.6068 0.6003 0.6056 0.6055 0.5980 0.4823 0.5996 0.5981 0.5167 0.6006 0.5530 0.6026 0.9824 0.5173 0.6072 0.4975 0.5990 0.5494 1.0000 0.9869 0.5366 0.6024 0.6042 0.5974 0.5938 0.5569 0.6054 0.9812 0.9804 0.5798 0.6055 0.5956 0.5972 0.5997 0.6006 0.5995 0.6379 0.9823 0.6053 0.5996 0.5983 0.5518 0.6037 0.6038 0.5969 0.5163 0.9850 0.6008 0.6036 0.5962 0.6049 0.6050 0.6020 0.6052 0.5978 0.6033 0.4782 0.6041 0.6040 0.6017 0.6021 0.6031 0.6015 0.6013 0.5597 0.6058 0.5988 0.6384 0.6382 0.6041 0.5156 0.5936 0.6026 0.6011 0.6001 0.6046 0.6003 0.5163 0.6028 0.6039 0.6044 0.6038 
0.9841 0.5996 0.6039 0.5177 0.5973 0.6069 0.6021 0.6007 0.6041 0.5854 0.5988 0.5363 0.5008 0.6016 0.5987 0.6059 0.6071 0.6081 0.6068 0.6001 0.6055 0.6055 0.5979 0.4822 0.5993 0.5978 0.5170 0.6006 0.5533 0.6030 0.9818 0.5176 0.6076 0.4965 0.5987 0.5496 0.9869 1.0000 0.5367 0.6023 0.6045 0.5972 0.5935 0.5572 0.6058 0.9822 0.9820 0.5790 0.6055 0.5953 0.5969 0.5994 0.6003 0.5992 0.6381 0.9828 0.6052 0.5994 0.5981 0.5521 0.6037 0.6037 0.5967 0.5163 0.9866 0.6006 0.6040 0.5959 0.6048 0.6050 0.6020 0.6052 0.5976 0.6033 0.4780 0.6040 0.6040 0.6015 0.6021 0.6031 0.6014 0.6013 0.5599 0.6058 0.5986 0.6386 0.6376 0.6044 0.5158 0.5932 0.6026 0.6009 0.6001 0.6046 0.6002 0.5166 0.6028 0.6040 0.6044 0.6038 
0.5359 0.6242 0.6376 0.6710 0.6228 0.6389 0.6232 0.6232 0.6399 0.8433 0.6247 0.9827 0.6556 0.6259 0.6263 0.7817 0.7833 0.6395 0.6396 0.6249 0.6401 0.6388 0.6235 0.6381 0.6234 0.6233 0.6717 0.6375 0.9225 0.7828 0.5359 0.6700 0.7800 0.6737 0.6209 0.9343 0.5366 0.5367 1.0000 0.6383 0.7828 0.6252 0.6193 0.8894 0.7802 0.5332 0.5346 0.5228 0.6397 0.6221 0.6233 0.6222 0.6241 0.6230 0.4761 0.5351 0.6374 0.6227 0.6246 0.8983 0.6381 0.6380 0.6245 0.6372 0.5359 0.6258 0.7813 0.6232 0.6395 0.6386 0.6373 0.6390 0.6242 0.6396 0.6378 0.6362 0.6391 0.6247 0.6388 0.6383 0.6383 0.6391 0.8899 0.6382 0.6245 0.4753 0.4886 0.7838 0.6692 0.6173 0.6383 0.6238 0.6374 0.6380 0.6254 0.6689 0.6389 0.6392 0.6380 0.6398 
0.6009 0.7165 0.9837 0.6885 0.7135 0.9828 0.7135 0.7135 0.9791 0.6928 0.7163 0.6372 0.5698 0.7175 0.7169 0.7212 0.7213 0.9832 0.9833 0.7170 0.9842 0.9840 0.7139 0.6654 0.7139 0.7150 0.6877 0.9840 0.6512 0.7190 0.6025 0.6829 0.7251 0.6892 0.7105 0.6481 0.6024 0.6023 0.6383 1.0000 0.7218 0.7164 0.7085 0.6589 0.7225 0.5992 0.5995 0.6936 0.9838 0.7115 0.7157 0.7114 0.7151 0.7144 0.6192 0.6007 0.9850 0.7135 0.7167 0.6548 0.9841 0.9840 0.7163 0.5781 0.6010 0.7183 0.7226 0.7137 0.9835 0.9858 0.9861 0.9854 0.7149 0.9840 0.6678 0.9831 0.9836 0.7154 0.9823 0.9826 0.9855 0.9861 0.6617 0.9843 0.7157 0.6212 0.6393 0.7203 0.6855 0.7048 0.9842 0.7146 0.9817 0.9824 0.7168 0.6842 0.9848 0.9835 0.9845 0.9840 
0.6035 0.7158 0.7207 0.6065 0.7131 0.7244 0.7136 0.7144 0.7262 0.9133 0.7163 0.7821 0.5805 0.7172 0.7177 0.9825 0.9846 0.7249 0.7245 0.7170 0.7243 0.7231 0.7140 0.5814 0.7143 0.7141 0.6055 0.7211 0.8235 0.9816 0.6043 0.6036 0.9825 0.6136 0.7108 0.8139 0.6042 0.6045 0.7828 0.7218 1.0000 0.7156 0.7090 0.8425 0.9843 0.6010 0.6016 0.5850 0.7248 0.7119 0.7146 0.7121 0.7152 0.7138 0.5288 0.6030 0.7213 0.7133 0.7163 0.8334 0.7227 0.7226 0.7154 0.6068 0.6035 0.7180 0.9851 0.7138 0.7246 0.7225 0.7208 0.7240 0.7153 0.7233 0.5787 0.7204 0.7234 0.7149 0.7233 0.7232 0.7220 0.7224 0.8472 0.7225 0.7161 0.5281 0.5427 0.9824 0.6048 0.7053 0.7226 0.7142 0.7212 0.7217 0.7164 0.6050 0.7213 0.7243 0.7223 0.7247 
0.5959 0.9832 0.7150 0.5761 0.9829 0.7189 0.9772 0.9791 0.7226 0.6843 0.9797 0.6241 0.6619 0.9796 0.9830 0.7139 0.7148 0.7199 0.7200 0.9817 0.7190 0.7187 0.9815 0.5616 0.9825 0.9836 0.5747 0.7150 0.6451 0.7120 0.5976 0.5732 0.7188 0.5913 0.9751 0.6402 0.5974 0.5972 0.6252 0.7164 0.7156 1.0000 0.9739 0.6515 0.7158 0.5939 0.5940 0.6035 0.7196 0.9760 0.9842 0.9793 0.9809 0.9805 0.5249 0.5956 0.7165 0.9777 0.9809 0.6481 0.7167 0.7173 0.9820 0.6916 0.5962 0.9795 0.7145 0.9806 0.7188 0.7167 0.7148 0.7190 0.9828 0.7180 0.5602 0.7152 0.7178 0.9815 0.7164 0.7184 0.7168 0.7170 0.6555 0.7176 0.9843 0.5238 0.5430 0.7149 0.5739 0.9610 0.7171 0.9794 0.7147 0.7159 0.9810 0.5742 0.7163 0.7189 0.7171 0.7207 
0.5922 0.9746 0.7069 0.5705 0.9801 0.7108 0.9745 0.9761 0.7143 0.6778 0.9748 0.6180 0.6609 0.9715 0.9714 0.7070 0.7079 0.7119 0.7120 0.9717 0.7109 0.7108 0.9791 0.5566 0.9773 0.9753 0.5690 0.7070 0.6389 0.7052 0.5938 0.5675 0.7119 0.5906 0.9804 0.6342 0.5938 0.5935 0.6193 0.7085 0.7090 0.9739 1.0000 0.6454 0.7091 0.5901 0.5901 0.6040 0.7115 0.9827 0.9752 0.9802 0.9761 0.9799 0.5216 0.5917 0.7084 0.9791 0.9738 0.6419 0.7085 0.7095 0.9781 0.6917 0.5925 0.9686 0.7077 0.9815 0.7107 0.7088 0.7067 0.7110 0.9764 0.7098 0.5548 0.7072 0.7097 0.9741 0.7084 0.7103 0.7088 0.7089 0.6493 0.7097 0.9774 0.5205 0.5347 0.7085 0.5682 0.9752 0.7091 0.9755 0.7066 0.7078 0.9745 0.5686 0.7083 0.7110 0.7092 0.7128 
0.5564 0.6510 0.6579 0.6545 0.6493 0.6604 0.6495 0.6500 0.6617 0.9231 0.6514 0.8868 0.6252 0.6527 0.6532 0.8413 0.8438 0.6607 0.6608 0.6520 0.6610 0.6597 0.6500 0.6227 0.6500 0.6498 0.6533 0.6578 0.9589 0.8427 0.5566 0.6519 0.8385 0.6606 0.6472 0.9481 0.5569 0.5572 0.8894 0.6589 0.8425 0.6515 0.6454 1.0000 0.8380 0.5537 0.5548 0.5379 0.6609 0.6482 0.6500 0.6485 0.6507 0.6494 0.4890 0.5556 0.6581 0.6490 0.6514 0.9782 0.6591 0.6588 0.6511 0.6496 0.5563 0.6530 0.8409 0.6498 0.6607 0.6593 0.6578 0.6603 0.6509 0.6602 0.6174 0.6569 0.6598 0.6512 0.6597 0.6593 0.6590 0.6595 0.9827 0.6591 0.6513 0.4877 0.5007 0.8442 0.6531 0.6427 0.6592 0.6501 0.6577 0.6586 0.6521 0.6530 0.6588 0.6604 0.6587 0.6610 
0.6048 0.7160 0.7216 0.6051 0.7133 0.7252 0.7138 0.7146 0.7269 0.9085 0.7166 0.7795 0.5789 0.7173 0.7178 0.9814 0.9834 0.7255 0.7253 0.7172 0.7252 0.7238 0.7141 0.5793 0.7143 0.7142 0.6041 0.7219 0.8197 0.9813 0.6055 0.6021 0.9833 0.6132 0.7110 0.8104 0.6054 0.6058 0.7802 0.7225 0.9843 0.7158 0.7091 0.8380 1.0000 0.6023 0.6028 0.5858 0.7255 0.7120 0.7147 0.7123 0.7154 0.7140 0.5293 0.6042 0.7222 0.7135 0.7163 0.8291 0.7235 0.7235 0.7155 0.6047 0.6048 0.7181 0.9827 0.7139 0.7254 0.7233 0.7215 0.7248 0.7154 0.7240 0.5767 0.7214 0.7242 0.7150 0.7240 0.7239 0.7226 0.7231 0.8427 0.7234 0.7163 0.5287 0.5449 0.9807 0.6033 0.7056 0.7234 0.7143 0.7219 0.7224 0.7165 0.6035 0.7220 0.7250 0.7231 0.7253 
0.9827 0.5962 0.6007 0.5146 0.5938 0.6036 0.5987 0.5973 0.6010 0.5818 0.5953 0.5329 0.4975 0.5981 0.5954 0.6024 0.6037 0.6050 0.6036 0.5968 0.6024 0.6025 0.5944 0.4795 0.5959 0.5944 0.5139 0.5974 0.5499 0.5995 0.9802 0.5144 0.6040 0.4932 0.5952 0.5462 0.9812 0.9822 0.5332 0.5992 0.6010 0.5939 0.5901 0.5537 0.6023 1.0000 0.9840 0.5752 0.6023 0.5918 0.5935 0.5960 0.5969 0.5959 0.6357 0.9855 0.6022 0.5959 0.5947 0.5485 0.6006 0.6006 0.5932 0.5130 0.9826 0.5972 0.6005 0.5925 0.6017 0.6018 0.5989 0.6021 0.5942 0.6002 0.4755 0.6010 0.6008 0.5981 0.5989 0.6000 0.5983 0.5982 0.5564 0.6027 0.5952 0.6365 0.6390 0.6008 0.5127 0.5898 0.5994 0.5974 0.5970 0.6016 0.5967 0.5135 0.5996 0.6008 0.6012 0.6008 
0.9811 0.5961 0.6011 0.5161 0.5939 0.6039 0.5987 0.5973 0.6012 0.5827 0.5952 0.5342 0.4989 0.5981 0.5954 0.6029 0.6042 0.6053 0.6039 0.5967 0.6027 0.6027 0.5944 0.4793 0.5960 0.5945 0.5153 0.5978 0.5511 0.6000 0.9779 0.5159 0.6046 0.4943 0.5952 0.5473 0.9804 0.9820 0.5346 0.5995 0.6016 0.5940 0.5901 0.5548 0.6028 0.9840 1.0000 0.5749 0.6026 0.5919 0.5935 0.5960 0.5969 0.5959 0.6372 0.9831 0.6024 0.5960 0.5946 0.5497 0.6009 0.6008 0.5932 0.5142 0.9855 0.5972 0.6011 0.5925 0.6020 0.6021 0.5993 0.6023 0.5941 0.6005 0.4753 0.6012 0.6012 0.5981 0.5992 0.6003 0.5986 0.5985 0.5575 0.6029 0.5952 0.6380 0.6397 0.6013 0.5142 0.5898 0.5998 0.5974 0.5973 0.6019 0.5967 0.5149 0.5999 0.6011 0.6016 0.6009 
0.5788 0.6048 0.6928 0.5568 0.6034 0.6919 0.6016 0.6028 0.6950 0.5634 0.6038 0.5221 0.4825 0.6023 0.6031 0.5829 0.5836 0.6934 0.6936 0.6015 0.6947 0.6950 0.6025 0.5500 0.6023 0.6026 0.5555 0.6942 0.5322 0.5815 0.5818 0.5532 0.5871 0.5993 0.6014 0.5306 0.5798 0.5790 0.5228 0.6936 0.5850 0.6035 0.6040 0.5379 0.5858 0.5752 0.5749 1.0000 0.6921 0.6041 0.6022 0.6023 0.6034 0.6039 0.5985 0.5761 0.6928 0.6045 0.6042 0.5376 0.6935 0.6961 0.6041 0.4923 0.5779 0.6015 0.5846 0.6033 0.6918 0.6970 0.6942 0.6955 0.6040 0.6935 0.5512 0.6943 0.6932 0.6027 0.6952 0.6941 0.6974 0.6944 0.5411 0.6938 0.6025 0.5997 0.6245 0.5834 0.5550 0.6055 0.6966 0.6023 0.6951 0.6920 0.6032 0.5545 0.6942 0.6922 0.6973 0.6944 
0.6041 0.7196 0.9838 0.6889 0.7166 0.9860 0.7167 0.7169 0.9809 0.6954 0.7194 0.6385 0.5716 0.7206 0.7201 0.7242 0.7244 0.9855 0.9866 0.7203 0.9838 0.9825 0.7171 0.6646 0.7171 0.7181 0.6880 0.9821 0.6532 0.7219 0.6056 0.6835 0.7282 0.6876 0.7138 0.6498 0.6055 0.6055 0.6397 0.9838 0.7248 0.7196 0.7115 0.6609 0.7255 0.6023 0.6026 0.6921 1.0000 0.7147 0.7188 0.7147 0.7184 0.7176 0.6215 0.6039 0.9834 0.7167 0.7198 0.6567 0.9851 0.9813 0.7194 0.5807 0.6041 0.7214 0.7255 0.7168 0.9879 0.9831 0.9829 0.9853 0.7179 0.9832 0.6667 0.9811 0.9855 0.7187 0.9821 0.9837 0.9806 0.9839 0.6637 0.9833 0.7190 0.6232 0.6410 0.7233 0.6860 0.7080 0.9826 0.7178 0.9794 0.9835 0.7199 0.6847 0.9823 0.9848 0.9830 0.9821 
0.5940 0.9781 0.7103 0.5735 0.9820 0.7139 0.9764 0.9806 0.7173 0.6808 0.9779 0.6209 0.6627 0.9763 0.9760 0.7099 0.7108 0.7150 0.7151 0.9771 0.7140 0.7138 0.9818 0.5576 0.9818 0.9776 0.5720 0.7101 0.6417 0.7080 0.5956 0.5705 0.7148 0.5913 0.9833 0.6370 0.5956 0.5953 0.6221 0.7115 0.7119 0.9760 0.9827 0.6482 0.7120 0.5918 0.5919 0.6041 0.7147 1.0000 0.9793 0.9815 0.9811 0.9807 0.5233 0.5935 0.7114 0.9806 0.9761 0.6448 0.7117 0.7125 0.9801 0.6933 0.5943 0.9730 0.7106 0.9818 0.7139 0.7117 0.7098 0.7140 0.9788 0.7128 0.5558 0.7103 0.7128 0.9782 0.7115 0.7133 0.7119 0.7120 0.6521 0.7128 0.9810 0.5222 0.5368 0.7114 0.5713 0.9697 0.7121 0.9785 0.7096 0.7111 0.9776 0.5716 0.7114 0.7140 0.7123 0.7157 
0.5955 0.9837 0.7143 0.5751 0.9842 0.7181 0.9793 0.9818 0.7216 0.6830 0.9814 0.6222 0.6613 0.9835 0.9837 0.7129 0.7136 0.7191 0.7191 0.9848 0.7181 0.7179 0.9842 0.5601 0.9856 0.9826 0.5737 0.7142 0.6434 0.7109 0.5972 0.5721 0.7178 0.5900 0.9778 0.6386 0.5972 0.5969 0.6233 0.7157 0.7146 0.9842 0.9752 0.6500 0.7147 0.5935 0.5935 0.6022 0.7188 0.9793 1.0000 0.9820 0.9836 0.9821 0.5245 0.5952 0.7156 0.9789 0.9833 0.6465 0.7158 0.7165 0.9834 0.6915 0.5958 0.9821 0.7135 0.9832 0.7180 0.7158 0.7139 0.7182 0.9840 0.7170 0.5585 0.7144 0.7170 0.9832 0.7155 0.7175 0.7160 0.7160 0.6539 0.7168 0.9852 0.5233 0.5388 0.7141 0.5728 0.9620 0.7162 0.9822 0.7137 0.7152 0.9844 0.5731 0.7156 0.7183 0.7163 0.7198 
0.5981 0.9805 0.7101 0.5742 0.9833 0.7141 0.9824 0.9840 0.7172 0.6812 0.9805 0.6211 0.6635 0.9802 0.9784 0.7105 0.7113 0.7151 0.7151 0.9800 0.7140 0.7138 0.9837 0.5588 0.9853 0.9809 0.5727 0.7099 0.6421 0.7085 0.5997 0.5713 0.7153 0.5904 0.9841 0.6373 0.5997 0.5994 0.6222 0.7114 0.7121 0.9793 0.9802 0.6485 0.7123 0.5960 0.5960 0.6023 0.7147 0.9815 0.9820 1.0000 0.9838 0.9834 0.5268 0.5977 0.7117 0.9815 0.9793 0.6449 0.7116 0.7124 0.9810 0.6942 0.5984 0.9768 0.7110 0.9833 0.7139 0.7118 0.7097 0.7141 0.9818 0.7128 0.5569 0.7103 0.7128 0.9836 0.7112 0.7133 0.7117 0.7118 0.6524 0.7128 0.9815 0.5256 0.5391 0.7117 0.5719 0.9676 0.7120 0.9826 0.7095 0.7110 0.9814 0.5723 0.7114 0.7140 0.7122 0.7157 
