
Using the parameter settings in the file: 
''1602840759/clumpp.paramfile''

Parameter settings
----------------------- Main parameters -------------------------
DATATYPE = 0
INDFILE = 1602840759/ClumppIndFile
POPFILE = 
OUTFILE = 1602840759/ClumppIndFile.output
MISCFILE = 1602840759/ClumppIndFile.misc
K = 10
C = 48
R = 28
M = 3
W = 0
S = 2
- Additional options for the Greedy and LargeKGreedy algorithms -
GREEDY_OPTION = 2
REPEATS = 2000
PERMUTATIONFILE = 
----------------------- Optional outputs ------------------------
PRINT_PERMUTED_DATA = 1
PERMUTED_DATAFILE = arabid.perm_datafile
PRINT_EVERY_PERM = 0
EVERY_PERMFILE = 
PRINT_RANDOM_INPUTORDER = 0
RANDOM_INPUTORDERFILE = 
----------------------- Advanced options ------------------------
OVERRIDE_WARNINGS = 0
ORDER_BY_RUN = 1


In total, 2000 configurations of runs and clusters will be tested.

Results
------------------------------
The highest value of H' is: 0.96268724252769

The list of permutations of the clusters that produces that
H' value is (runs are listed sequentially on separate rows)

1 2 3 4 5 6 7 8 9 10 
3 8 1 9 10 7 2 6 5 4 
8 5 10 3 4 6 1 7 9 2 
8 4 6 7 10 3 9 5 1 2 
9 1 4 2 7 10 6 5 3 8 
9 10 5 2 4 7 1 6 8 3 
5 8 3 2 6 7 1 9 4 10 
5 10 4 7 1 8 2 3 6 9 
9 6 10 5 3 4 2 1 7 8 
9 4 5 1 10 7 8 2 6 3 
7 8 6 1 10 9 3 5 2 4 
7 6 2 8 4 5 1 10 3 9 
10 3 4 6 5 1 9 8 2 7 
2 4 9 10 1 6 8 7 5 3 
1 8 5 10 2 9 4 3 6 7 
8 6 7 1 9 5 2 4 10 3 
8 7 3 2 1 4 10 5 9 6 
2 5 8 3 4 9 1 10 6 7 
9 5 2 7 8 6 10 3 4 1 
7 9 6 4 1 10 2 8 3 5 
10 7 5 6 9 8 4 2 3 1 
6 2 5 9 3 10 1 8 4 7 
1 6 8 10 3 7 9 4 2 5 
8 3 2 9 10 5 7 4 6 1 
9 2 5 1 6 7 10 8 4 3 
9 10 1 8 7 6 4 5 2 3 
9 8 4 5 3 6 1 7 10 2 
7 10 9 2 3 4 1 8 6 5 

The pairwise G' values for each pair of runs where the clusters
of each run are permuted according to the list of permutations above

1.0000 0.9858 0.9809 0.9836 0.9831 0.7164 0.9812 0.9825 0.9829 0.9818 0.9857 0.9791 0.9824 0.9845 0.9818 0.9822 0.9812 0.9852 0.9821 0.9860 0.9819 0.9821 0.9850 0.9830 0.9806 0.9817 0.9816 0.9831 
0.9858 1.0000 0.9828 0.9820 0.9831 0.7179 0.9828 0.9825 0.9835 0.9831 0.9842 0.9797 0.9849 0.9851 0.9824 0.9808 0.9827 0.9834 0.9817 0.9845 0.9820 0.9823 0.9853 0.9845 0.9809 0.9821 0.9817 0.9827 
0.9809 0.9828 1.0000 0.9816 0.9795 0.7200 0.9833 0.9848 0.9808 0.9797 0.9764 0.9843 0.9834 0.9796 0.9799 0.9820 0.9848 0.9811 0.9812 0.9808 0.9745 0.9814 0.9815 0.9831 0.9826 0.9826 0.9842 0.9770 
0.9836 0.9820 0.9816 1.0000 0.9801 0.7186 0.9825 0.9825 0.9819 0.9801 0.9820 0.9791 0.9807 0.9824 0.9836 0.9824 0.9814 0.9844 0.9805 0.9838 0.9787 0.9823 0.9842 0.9820 0.9827 0.9798 0.9806 0.9801 
0.9831 0.9831 0.9795 0.9801 1.0000 0.7161 0.9815 0.9792 0.9819 0.9833 0.9811 0.9773 0.9813 0.9843 0.9801 0.9795 0.9817 0.9824 0.9801 0.9838 0.9829 0.9822 0.9851 0.9813 0.9813 0.9802 0.9789 0.9837 
0.7164 0.7179 0.7200 0.7186 0.7161 1.0000 0.7204 0.7202 0.7181 0.7175 0.7164 0.7208 0.7188 0.7173 0.7170 0.7176 0.7204 0.7168 0.7195 0.7176 0.7150 0.7185 0.7184 0.7197 0.7192 0.7196 0.7202 0.7162 
0.9812 0.9828 0.9833 0.9825 0.9815 0.7204 1.0000 0.9830 0.9813 0.9811 0.9789 0.9814 0.9839 0.9831 0.9800 0.9826 0.9859 0.9812 0.9837 0.9801 0.9756 0.9833 0.9846 0.9830 0.9856 0.9829 0.9831 0.9791 
0.9825 0.9825 0.9848 0.9825 0.9792 0.7202 0.9830 1.0000 0.9815 0.9815 0.9780 0.9844 0.9817 0.9802 0.9798 0.9809 0.9851 0.9824 0.9838 0.9819 0.9747 0.9820 0.9825 0.9833 0.9803 0.9818 0.9843 0.9785 
0.9829 0.9835 0.9808 0.9819 0.9819 0.7181 0.9813 0.9815 1.0000 0.9829 0.9803 0.9787 0.9813 0.9815 0.9806 0.9822 0.9800 0.9825 0.9808 0.9831 0.9805 0.9827 0.9850 0.9808 0.9791 0.9834 0.9810 0.9836 
0.9818 0.9831 0.9797 0.9801 0.9833 0.7175 0.9811 0.9815 0.9829 1.0000 0.9806 0.9805 0.9806 0.9826 0.9792 0.9775 0.9812 0.9826 0.9819 0.9809 0.9794 0.9811 0.9852 0.9818 0.9793 0.9809 0.9807 0.9821 
0.9857 0.9842 0.9764 0.9820 0.9811 0.7164 0.9789 0.9780 0.9803 0.9806 1.0000 0.9740 0.9788 0.9832 0.9795 0.9779 0.9791 0.9813 0.9791 0.9825 0.9825 0.9795 0.9833 0.9801 0.9791 0.9783 0.9773 0.9820 
0.9791 0.9797 0.9843 0.9791 0.9773 0.7208 0.9814 0.9844 0.9787 0.9805 0.9740 1.0000 0.9813 0.9766 0.9772 0.9775 0.9825 0.9803 0.9821 0.9792 0.9704 0.9779 0.9810 0.9835 0.9785 0.9820 0.9839 0.9754 
0.9824 0.9849 0.9834 0.9807 0.9813 0.7188 0.9839 0.9817 0.9813 0.9806 0.9788 0.9813 1.0000 0.9823 0.9809 0.9821 0.9838 0.9821 0.9816 0.9827 0.9763 0.9819 0.9844 0.9825 0.9818 0.9836 0.9818 0.9793 
0.9845 0.9851 0.9796 0.9824 0.9843 0.7173 0.9831 0.9802 0.9815 0.9826 0.9832 0.9766 0.9823 1.0000 0.9814 0.9809 0.9828 0.9825 0.9819 0.9825 0.9825 0.9815 0.9847 0.9830 0.9827 0.9812 0.9794 0.9823 
0.9818 0.9824 0.9799 0.9836 0.9801 0.7170 0.9800 0.9798 0.9806 0.9792 0.9795 0.9772 0.9809 0.9814 1.0000 0.9837 0.9797 0.9829 0.9784 0.9837 0.9771 0.9809 0.9838 0.9829 0.9816 0.9802 0.9797 0.9795 
0.9822 0.9808 0.9820 0.9824 0.9795 0.7176 0.9826 0.9809 0.9822 0.9775 0.9779 0.9775 0.9821 0.9809 0.9837 1.0000 0.9820 0.9828 0.9792 0.9831 0.9772 0.9829 0.9829 0.9804 0.9833 0.9808 0.9805 0.9794 
0.9812 0.9827 0.9848 0.9814 0.9817 0.7204 0.9859 0.9851 0.9800 0.9812 0.9791 0.9825 0.9838 0.9828 0.9797 0.9820 1.0000 0.9820 0.9840 0.9814 0.9756 0.9834 0.9842 0.9839 0.9845 0.9827 0.9836 0.9784 
0.9852 0.9834 0.9811 0.9844 0.9824 0.7168 0.9812 0.9824 0.9825 0.9826 0.9813 0.9803 0.9821 0.9825 0.9829 0.9828 0.9820 1.0000 0.9815 0.9854 0.9806 0.9814 0.9854 0.9834 0.9817 0.9805 0.9800 0.9836 
0.9821 0.9817 0.9812 0.9805 0.9801 0.7195 0.9837 0.9838 0.9808 0.9819 0.9791 0.9821 0.9816 0.9819 0.9784 0.9792 0.9840 0.9815 1.0000 0.9806 0.9759 0.9820 0.9834 0.9816 0.9801 0.9815 0.9826 0.9785 
0.9860 0.9845 0.9808 0.9838 0.9838 0.7176 0.9801 0.9819 0.9831 0.9809 0.9825 0.9792 0.9827 0.9825 0.9837 0.9831 0.9814 0.9854 0.9806 1.0000 0.9805 0.9822 0.9854 0.9833 0.9802 0.9830 0.9813 0.9836 
0.9819 0.9820 0.9745 0.9787 0.9829 0.7150 0.9756 0.9747 0.9805 0.9794 0.9825 0.9704 0.9763 0.9825 0.9771 0.9772 0.9756 0.9806 0.9759 0.9805 1.0000 0.9779 0.9800 0.9763 0.9773 0.9749 0.9738 0.9834 
0.9821 0.9823 0.9814 0.9823 0.9822 0.7185 0.9833 0.9820 0.9827 0.9811 0.9795 0.9779 0.9819 0.9815 0.9809 0.9829 0.9834 0.9814 0.9820 0.9822 0.9779 1.0000 0.9838 0.9799 0.9813 0.9810 0.9809 0.9808 
0.9850 0.9853 0.9815 0.9842 0.9851 0.7184 0.9846 0.9825 0.9850 0.9852 0.9833 0.9810 0.9844 0.9847 0.9838 0.9829 0.9842 0.9854 0.9834 0.9854 0.9800 0.9838 1.0000 0.9844 0.9839 0.9845 0.9822 0.9829 
0.9830 0.9845 0.9831 0.9820 0.9813 0.7197 0.9830 0.9833 0.9808 0.9818 0.9801 0.9835 0.9825 0.9830 0.9829 0.9804 0.9839 0.9834 0.9816 0.9833 0.9763 0.9799 0.9844 1.0000 0.9813 0.9819 0.9826 0.9792 
0.9806 0.9809 0.9826 0.9827 0.9813 0.7192 0.9856 0.9803 0.9791 0.9793 0.9791 0.9785 0.9818 0.9827 0.9816 0.9833 0.9845 0.9817 0.9801 0.9802 0.9773 0.9813 0.9839 0.9813 1.0000 0.9803 0.9803 0.9776 
0.9817 0.9821 0.9826 0.9798 0.9802 0.7196 0.9829 0.9818 0.9834 0.9809 0.9783 0.9820 0.9836 0.9812 0.9802 0.9808 0.9827 0.9805 0.9815 0.9830 0.9749 0.9810 0.9845 0.9819 0.9803 1.0000 0.9837 0.9802 
0.9816 0.9817 0.9842 0.9806 0.9789 0.7202 0.9831 0.9843 0.9810 0.9807 0.9773 0.9839 0.9818 0.9794 0.9797 0.9805 0.9836 0.9800 0.9826 0.9813 0.9738 0.9809 0.9822 0.9826 0.9803 0.9837 1.0000 0.9778 
0.9831 0.9827 0.9770 0.9801 0.9837 0.7162 0.9791 0.9785 0.9836 0.9821 0.9820 0.9754 0.9793 0.9823 0.9795 0.9794 0.9784 0.9836 0.9785 0.9836 0.9834 0.9808 0.9829 0.9792 0.9776 0.9802 0.9778 1.0000 
