1.0000 0.5855 0.5855 0.9835 0.9112 0.5845 0.5852 0.5861 0.9766 0.9817 0.9764 0.9800 0.5873 0.5859 0.9760 0.5854 0.5847 0.9794 0.9816 0.5854 0.9768 0.9782 0.9765 0.9769 0.5852 0.9802 0.9842 0.9782 0.9771 0.9812 0.9817 0.9783 0.5850 0.9804 0.9803 0.9769 0.9742 0.5848 0.9799 0.5844 0.5855 0.9830 0.9821 0.9793 0.5854 0.9761 0.9808 0.9779 0.5847 0.9759 0.5848 0.5855 0.9772 0.9785 0.9809 0.9752 0.5847 0.9830 0.5854 0.9815 0.9802 0.9664 0.9787 0.5860 0.9781 0.5853 0.9807 0.5862 0.5689 0.9825 0.9805 0.5713 0.9703 0.9770 0.9754 0.9837 0.9803 0.9790 0.9772 0.5854 0.5857 0.5846 0.5848 0.5850 0.9622 0.5847 0.9797 0.9834 0.9835 0.5848 0.9829 0.9766 0.9765 0.5859 0.5840 0.5704 0.9789 0.9781 0.9805 0.5854
0.5855 1.0000 0.9871 0.5821 0.6016 0.9864 0.9838 0.9859 0.5892 0.5834 0.5903 0.5847 0.9842 0.9843 0.5860 0.9878 0.9848 0.5783 0.5806 0.9877 0.5841 0.5794 0.5892 0.5805 0.9850 0.5874 0.5842 0.5863 0.5824 0.5915 0.5828 0.5864 0.9855 0.5859 0.5785 0.5904 0.5802 0.9854 0.5870 0.9864 0.9829 0.5869 0.5863 0.5796 0.9855 0.5874 0.5897 0.5904 0.9860 0.5797 0.9815 0.9855 0.5794 0.5780 0.5869 0.5853 0.9815 0.5838 0.9863 0.5819 0.5875 0.5922 0.5867 0.9850 0.5880 0.9891 0.5845 0.9858 0.5901 0.5878 0.5859 0.5890 0.5907 0.5873 0.5921 0.5849 0.5848 0.5917 0.5902 0.9840 0.9857 0.9845 0.9847 0.9857 0.5918 0.9867 0.5772 0.5814 0.5818 0.9865 0.5805 0.5790 0.5768 0.9880 0.9866 0.5887 0.5878 0.5792 0.5801 0.9846
0.5855 0.9871 1.0000 0.5822 0.6015 0.9851 0.9831 0.9860 0.5892 0.5835 0.5903 0.5847 0.9844 0.9851 0.5860 0.9874 0.9832 0.5784 0.5807 0.9872 0.5841 0.5794 0.5892 0.5806 0.9857 0.5875 0.5843 0.5863 0.5824 0.5915 0.5827 0.5864 0.9843 0.5859 0.5785 0.5904 0.5802 0.9864 0.5870 0.9842 0.9810 0.5869 0.5863 0.5797 0.9817 0.5874 0.5896 0.5905 0.9840 0.5797 0.9813 0.9867 0.5795 0.5780 0.5869 0.5853 0.9769 0.5838 0.9852 0.5819 0.5876 0.5922 0.5866 0.9827 0.5880 0.9860 0.5845 0.9837 0.5883 0.5877 0.5858 0.5873 0.5908 0.5874 0.5921 0.5850 0.5848 0.5918 0.5901 0.9809 0.9851 0.9830 0.9826 0.9840 0.5918 0.9847 0.5772 0.5815 0.5819 0.9835 0.5805 0.5791 0.5769 0.9859 0.9855 0.5870 0.5878 0.5793 0.5801 0.9834
0.9835 0.5821 0.5822 1.0000 0.9074 0.5811 0.5817 0.5827 0.9767 0.9828 0.9739 0.9779 0.5840 0.5827 0.9781 0.5822 0.5814 0.9817 0.9818 0.5820 0.9793 0.9836 0.9745 0.9800 0.5818 0.9767 0.9801 0.9770 0.9817 0.9752 0.9819 0.9772 0.5815 0.9815 0.9813 0.9725 0.9785 0.5815 0.9782 0.5811 0.5820 0.9807 0.9780 0.9786 0.5818 0.9766 0.9771 0.9740 0.5812 0.9760 0.5813 0.5820 0.9797 0.9818 0.9777 0.9782 0.5811 0.9846 0.5820 0.9829 0.9817 0.9606 0.9766 0.5826 0.9738 0.5819 0.9815 0.5828 0.5676 0.9800 0.9784 0.5704 0.9675 0.9763 0.9709 0.9818 0.9798 0.9732 0.9734 0.5819 0.5822 0.5812 0.5814 0.5816 0.9595 0.5812 0.9830 0.9846 0.9840 0.5812 0.9834 0.9772 0.9822 0.5825 0.5806 0.5694 0.9756 0.9821 0.9835 0.5820
0.9112 0.6016 0.6015 0.9074 1.0000 0.6006 0.6005 0.6019 0.9229 0.9112 0.9261 0.9173 0.6034 0.6020 0.9116 0.6015 0.6002 0.9065 0.9136 0.6013 0.9151 0.9053 0.9231 0.9118 0.6008 0.9205 0.9163 0.9151 0.9078 0.9206 0.9132 0.9228 0.6006 0.9100 0.9033 0.9285 0.9034 0.6010 0.9132 0.6002 0.6009 0.9157 0.9197 0.9129 0.6008 0.9116 0.9222 0.9263 0.6006 0.9048 0.6002 0.6009 0.9064 0.9054 0.9186 0.9134 0.6001 0.9081 0.6014 0.9081 0.9155 0.9394 0.9222 0.6013 0.9161 0.6012 0.9127 0.6023 0.5693 0.9176 0.9152 0.5704 0.9236 0.9174 0.9280 0.9160 0.9180 0.9255 0.9240 0.6006 0.6013 0.6002 0.6005 0.6009 0.9422 0.6005 0.9045 0.9106 0.9088 0.6004 0.9098 0.9084 0.9035 0.6015 0.5999 0.5695 0.9157 0.9060 0.9094 0.6013
0.5845 0.9864 0.9851 0.5811 0.6006 1.0000 0.9816 0.9856 0.5882 0.5824 0.5893 0.5837 0.9811 0.9827 0.5850 0.9860 0.9828 0.5773 0.5796 0.9861 0.5831 0.5784 0.5882 0.5794 0.9851 0.5865 0.5833 0.5853 0.5813 0.5905 0.5818 0.5853 0.9842 0.5849 0.5774 0.5894 0.5791 0.9836 0.5859 0.9864 0.9821 0.5859 0.5853 0.5785 0.9844 0.5864 0.5886 0.5895 0.9854 0.5787 0.9817 0.9861 0.5783 0.5769 0.5859 0.5843 0.9788 0.5827 0.9848 0.5809 0.5866 0.5913 0.5857 0.9836 0.5870 0.9863 0.5835 0.9847 0.5883 0.5867 0.5849 0.5871 0.5898 0.5863 0.5911 0.5838 0.5837 0.5907 0.5893 0.9831 0.9847 0.9834 0.9809 0.9863 0.5909 0.9878 0.5762 0.5804 0.5808 0.9847 0.5794 0.5779 0.5758 0.9845 0.9866 0.5867 0.5868 0.5781 0.5791 0.9834
0.5852 0.9838 0.9831 0.5817 0.6005 0.9816 1.0000 0.9825 0.5886 0.5829 0.5897 0.5843 0.9784 0.9781 0.5854 0.9823 0.9833 0.5780 0.5801 0.9834 0.5835 0.5789 0.5887 0.5799 0.9843 0.5870 0.5839 0.5860 0.5818 0.5911 0.5823 0.5858 0.9817 0.5854 0.5782 0.5899 0.5796 0.9784 0.5866 0.9813 0.9850 0.5864 0.5859 0.5793 0.9832 0.5869 0.5892 0.5899 0.9807 0.5794 0.9845 0.9863 0.5790 0.5776 0.5864 0.5847 0.9821 0.5835 0.9822 0.5815 0.5871 0.5918 0.5861 0.9862 0.5875 0.9833 0.5841 0.9813 0.5882 0.5873 0.5855 0.5870 0.5902 0.5869 0.5917 0.5845 0.5843 0.5914 0.5898 0.9860 0.9832 0.9850 0.9832 0.9802 0.5911 0.9815 0.5768 0.5810 0.5813 0.9834 0.5802 0.5786 0.5764 0.9851 0.9834 0.5866 0.5872 0.5787 0.5797 0.9802
0.5861 0.9859 0.9860 0.5827 0.6019 0.9856 0.9825 1.0000 0.5897 0.5839 0.5909 0.5852 0.9826 0.9847 0.5865 0.9848 0.9826 0.5790 0.5811 0.9874 0.5846 0.5800 0.5898 0.5810 0.9853 0.5879 0.5848 0.5868 0.5829 0.5922 0.5834 0.5868 0.9848 0.5864 0.5790 0.5909 0.5806 0.9840 0.5875 0.9840 0.9816 0.5875 0.5868 0.5802 0.9852 0.5878 0.5901 0.5910 0.9855 0.5803 0.9817 0.9868 0.5800 0.5785 0.5874 0.5858 0.9782 0.5843 0.9872 0.5824 0.5881 0.5929 0.5873 0.9835 0.5885 0.9861 0.5850 0.9838 0.5891 0.5882 0.5864 0.5880 0.5913 0.5880 0.5927 0.5854 0.5854 0.5922 0.5907 0.9820 0.9846 0.9822 0.9805 0.9849 0.5924 0.9836 0.5778 0.5820 0.5824 0.9835 0.5810 0.5796 0.5774 0.9855 0.9832 0.5878 0.5882 0.5798 0.5807 0.9822
0.9766 0.5892 0.5892 0.9767 0.9229 0.5882 0.5886 0.5897 1.0000 0.9802 0.9826 0.9785 0.5911 0.5898 0.9812 0.5893 0.5883 0.9727 0.9801 0.5890 0.9796 0.9769 0.9819 0.9786 0.5888 0.9829 0.9820 0.9777 0.9762 0.9797 0.9805 0.9832 0.5885 0.9800 0.9713 0.9822 0.9741 0.5887 0.9811 0.5882 0.5889 0.9821 0.9802 0.9745 0.5888 0.9777 0.9831 0.9834 0.5883 0.9671 0.5882 0.5890 0.9716 0.9711 0.9827 0.9814 0.5880 0.9738 0.5891 0.9770 0.9811 0.9720 0.9846 0.5894 0.9777 0.5890 0.9798 0.5899 0.5710 0.9817 0.9800 0.5735 0.9793 0.9798 0.9784 0.9800 0.9792 0.9789 0.9813 0.5887 0.5892 0.5881 0.5883 0.5887 0.9718 0.5883 0.9734 0.9778 0.9768 0.5883 0.9754 0.9712 0.9703 0.5895 0.5876 0.5726 0.9786 0.9731 0.9771 0.5891
0.9817 0.5834 0.5835 0.9828 0.9112 0.5824 0.5829 0.5839 0.9802 1.0000 0.9774 0.9770 0.5855 0.5840 0.9774 0.5836 0.5826 0.9810 0.9860 0.5833 0.9780 0.9797 0.9773 0.9839 0.5831 0.9801 0.9833 0.9759 0.9794 0.9775 0.9810 0.9787 0.5827 0.9794 0.9785 0.9738 0.9782 0.5829 0.9805 0.5824 0.5833 0.9828 0.9826 0.9799 0.5831 0.9750 0.9780 0.9779 0.5825 0.9784 0.5826 0.5832 0.9790 0.9813 0.9830 0.9766 0.5824 0.9831 0.5834 0.9809 0.9815 0.9649 0.9797 0.5837 0.9754 0.5832 0.9807 0.5842 0.5697 0.9783 0.9839 0.5723 0.9708 0.9767 0.9743 0.9812 0.9817 0.9758 0.9771 0.5830 0.5835 0.5824 0.5826 0.5829 0.9633 0.5826 0.9808 0.9829 0.9829 0.5825 0.9825 0.9795 0.9782 0.5838 0.5819 0.5714 0.9768 0.9829 0.9827 0.5834
0.9764 0.5903 0.5903 0.9739 0.9261 0.5893 0.5897 0.5909 0.9826 0.9774 1.0000 0.9776 0.5922 0.5910 0.9756 0.5904 0.5894 0.9699 0.9756 0.5901 0.9778 0.9719 0.9837 0.9760 0.5899 0.9847 0.9803 0.9743 0.9740 0.9834 0.9777 0.9846 0.5895 0.9741 0.9672 0.9829 0.9690 0.5897 0.9776 0.5893 0.5901 0.9814 0.9812 0.9738 0.5901 0.9739 0.9837 0.9877 0.5894 0.9674 0.5895 0.5901 0.9685 0.9692 0.9820 0.9748 0.5894 0.9744 0.5903 0.9752 0.9803 0.9758 0.9826 0.5906 0.9779 0.5901 0.9777 0.5910 0.5723 0.9786 0.9806 0.5745 0.9787 0.9806 0.9811 0.9781 0.9792 0.9807 0.9829 0.5899 0.5904 0.5892 0.5894 0.5898 0.9773 0.5894 0.9708 0.9749 0.9728 0.5894 0.9740 0.9712 0.9685 0.5906 0.5887 0.5737 0.9765 0.9717 0.9749 0.5903
0.9800 0.5847 0.5847 0.9779 0.9173 0.5837 0.5843 0.5852 0.9785 0.9770 0.9776 1.0000 0.5864 0.5850 0.9793 0.5846 0.5839 0.9739 0.9780 0.5845 0.9792 0.9776 0.9769 0.9736 0.5843 0.9814 0.9844 0.9864 0.9800 0.9766 0.9818 0.9846 0.5841 0.9804 0.9740 0.9820 0.9760 0.5840 0.9796 0.5836 0.5847 0.9787 0.9795 0.9745 0.5844 0.9802 0.9810 0.9789 0.5837 0.9683 0.5839 0.5845 0.9690 0.9702 0.9827 0.9805 0.5838 0.9782 0.5845 0.9795 0.9771 0.9650 0.9801 0.5851 0.9836 0.5844 0.9832 0.5852 0.5680 0.9840 0.9783 0.5703 0.9738 0.9743 0.9738 0.9813 0.9773 0.9769 0.9780 0.5844 0.5848 0.5838 0.5840 0.5842 0.9647 0.5838 0.9771 0.9795 0.9759 0.5839 0.9758 0.9721 0.9701 0.5851 0.5831 0.5693 0.9818 0.9726 0.9762 0.5846
0.5873 0.9842 0.9844 0.5840 0.6034 0.9811 0.9784 0.9826 0.5911 0.5855 0.5922 0.5864 1.0000 0.9858 0.5878 0.9861 0.9800 0.5804 0.5826 0.9834 0.5859 0.5812 0.5911 0.5826 0.9817 0.5893 0.5861 0.5880 0.5842 0.5933 0.5846 0.5882 0.9793 0.5876 0.5803 0.5921 0.5820 0.9840 0.5888 0.9825 0.9769 0.5888 0.5882 0.5816 0.9787 0.5890 0.5914 0.5923 0.9800 0.5819 0.9786 0.9813 0.5814 0.5801 0.5888 0.5871 0.9768 0.5857 0.9841 0.5837 0.5894 0.5941 0.5885 0.9801 0.5896 0.9850 0.5862 0.9846 0.5903 0.5894 0.5878 0.5894 0.5924 0.5891 0.5941 0.5867 0.5868 0.5936 0.5920 0.9775 0.9814 0.9794 0.9803 0.9816 0.5937 0.9810 0.5792 0.5833 0.5837 0.9801 0.5825 0.5811 0.5788 0.9830 0.9810 0.5890 0.5895 0.5813 0.5820 0.9839
0.5859 0.9843 0.9851 0.5827 0.6020 0.9827 0.9781 0.9847 0.5898 0.5840 0.5910 0.5850 0.9858 1.0000 0.5864 0.9855 0.9800 0.5789 0.5812 0.9829 0.5846 0.5799 0.5897 0.5812 0.9827 0.5879 0.5847 0.5866 0.5829 0.5920 0.5832 0.5869 0.9794 0.5863 0.5789 0.5908 0.5807 0.9830 0.5874 0.9835 0.9782 0.5875 0.5868 0.5801 0.9804 0.5878 0.5901 0.5910 0.9821 0.5804 0.9796 0.9819 0.5801 0.5786 0.5873 0.5858 0.9770 0.5844 0.9854 0.5824 0.5881 0.5928 0.5872 0.9805 0.5884 0.9835 0.5849 0.9847 0.5898 0.5881 0.5864 0.5887 0.5912 0.5880 0.5927 0.5853 0.5853 0.5922 0.5907 0.9790 0.9834 0.9802 0.9785 0.9835 0.5925 0.9822 0.5778 0.5820 0.5823 0.9802 0.5811 0.5797 0.5775 0.9824 0.9821 0.5885 0.5882 0.5799 0.5807 0.9842
0.9760 0.5860 0.5860 0.9781 0.9116 0.5850 0.5854 0.5865 0.9812 0.9774 0.9756 0.9793 0.5878 0.5864 1.0000 0.5861 0.5851 0.9718 0.9779 0.5858 0.9819 0.9813 0.9752 0.9748 0.5856 0.9790 0.9805 0.9786 0.9819 0.9731 0.9799 0.9782 0.5853 0.9847 0.9743 0.9757 0.9835 0.5855 0.9809 0.5850 0.5858 0.9788 0.9737 0.9698 0.5856 0.9833 0.9783 0.9762 0.5850 0.9644 0.5849 0.5858 0.9691 0.9687 0.9794 0.9859 0.5848 0.9748 0.5859 0.9816 0.9788 0.9600 0.9796 0.5862 0.9796 0.5858 0.9819 0.5866 0.5720 0.9814 0.9762 0.5746 0.9771 0.9761 0.9686 0.9775 0.9726 0.9707 0.9753 0.5856 0.5860 0.5849 0.5852 0.5856 0.9610 0.5852 0.9755 0.9775 0.9757 0.5851 0.9731 0.9680 0.9699 0.5863 0.5845 0.5737 0.9819 0.9724 0.9764 0.5859
0.5854 0.9878 0.9874 0.5822 0.6015 0.9860 0.9823 0.9848 0.5893 0.5836 0.5904 0.5846 0.9861 0.9855 0.5861 1.0000 0.9839 0.5785 0.5807 0.9854 0.5841 0.5795 0.5893 0.5806 0.9844 0.5875 0.5843 0.5863 0.5824 0.5915 0.5828 0.5863 0.9832 0.5859 0.5785 0.5903 0.5802 0.9855 0.5870 0.9860 0.9827 0.5870 0.5863 0.5797 0.9825 0.5873 0.5896 0.5904 0.9843 0.5798 0.9805 0.9852 0.5796 0.5781 0.5869 0.5853 0.9787 0.5839 0.9864 0.5820 0.5877 0.5923 0.5867 0.9829 0.5879 0.9857 0.5845 0.9852 0.5895 0.5877 0.5860 0.5885 0.5908 0.5874 0.5922 0.5849 0.5848 0.5917 0.5903 0.9812 0.9839 0.9840 0.9832 0.9848 0.5919 0.9847 0.5773 0.5815 0.5818 0.9836 0.5806 0.5791 0.5770 0.9857 0.9860 0.5881 0.5877 0.5793 0.5802 0.9851
0.5847 0.9848 0.9832 0.5814 0.6002 0.9828 0.9833 0.9826 0.5883 0.5826 0.5894 0.5839 0.9800 0.9800 0.5851 0.9839 1.0000 0.5776 0.5797 0.9850 0.5833 0.5786 0.5884 0.5795 0.9838 0.5866 0.5834 0.5856 0.5816 0.5907 0.5820 0.5855 0.9836 0.5851 0.5778 0.5895 0.5794 0.9812 0.5862 0.9843 0.9851 0.5860 0.5854 0.5788 0.9826 0.5866 0.5888 0.5895 0.9844 0.5790 0.9812 0.9841 0.5787 0.5772 0.5860 0.5845 0.9814 0.5831 0.9813 0.5812 0.5868 0.5912 0.5858 0.9839 0.5871 0.9819 0.5838 0.9827 0.5892 0.5870 0.5850 0.5882 0.5898 0.5865 0.5913 0.5842 0.5838 0.5909 0.5894 0.9845 0.9844 0.9849 0.9857 0.9806 0.5907 0.9831 0.5764 0.5806 0.5810 0.9854 0.5797 0.5781 0.5761 0.9854 0.9849 0.5878 0.5869 0.5784 0.5794 0.9815
0.9794 0.5783 0.5784 0.9817 0.9065 0.5773 0.5780 0.5790 0.9727 0.9810 0.9699 0.9739 0.5804 0.5789 0.9718 0.5785 0.5776 1.0000 0.9824 0.5782 0.9732 0.9789 0.9694 0.9816 0.5780 0.9744 0.9782 0.9726 0.9770 0.9728 0.9766 0.9732 0.5778 0.9752 0.9789 0.9688 0.9738 0.5777 0.9743 0.5773 0.5783 0.9768 0.9786 0.9824 0.5781 0.9676 0.9722 0.9710 0.5775 0.9813 0.5775 0.5782 0.9825 0.9848 0.9754 0.9715 0.5773 0.9818 0.5784 0.9787 0.9746 0.9600 0.9734 0.5787 0.9691 0.5781 0.9751 0.5791 0.5657 0.9733 0.9796 0.5685 0.9628 0.9712 0.9703 0.9788 0.9806 0.9717 0.9703 0.5781 0.5785 0.5774 0.5776 0.5778 0.9579 0.5775 0.9859 0.9857 0.9848 0.5775 0.9857 0.9859 0.9801 0.5788 0.5768 0.5675 0.9705 0.9837 0.9817 0.5782
0.9816 0.5806 0.5807 0.9818 0.9136 0.5796 0.5801 0.5811 0.9801 0.9860 0.9756 0.9780 0.5826 0.5812 0.9779 0.5807 0.5797 0.9824 1.0000 0.5805 0.9786 0.9809 0.9772 0.9838 0.5803 0.9798 0.9850 0.9760 0.9793 0.9767 0.9812 0.9780 0.5800 0.9793 0.9810 0.9758 0.9774 0.5800 0.9792 0.5795 0.5804 0.9806 0.9818 0.9827 0.5803 0.9745 0.9773 0.9775 0.5797 0.9772 0.5797 0.5804 0.9808 0.9806 0.9820 0.9769 0.5795 0.9797 0.5805 0.9820 0.9798 0.9659 0.9803 0.5808 0.9751 0.5804 0.9797 0.5813 0.5680 0.9792 0.9803 0.5707 0.9709 0.9776 0.9749 0.9827 0.9817 0.9756 0.9762 0.5802 0.5807 0.5796 0.5798 0.5801 0.9640 0.5798 0.9816 0.9848 0.9839 0.5797 0.9837 0.9794 0.9789 0.5810 0.5791 0.5698 0.9765 0.9813 0.9835 0.5805
0.5854 0.9877 0.9872 0.5820 0.6013 0.9861 0.9834 0.9874 0.5890 0.5833 0.5901 0.5845 0.9834 0.9829 0.5858 0.9854 0.9850 0.5782 0.5805 1.0000 0.5838 0.5792 0.5889 0.5803 0.9862 0.5872 0.5841 0.5861 0.5822 0.5913 0.5826 0.5861 0.9859 0.5858 0.5783 0.5902 0.5799 0.9848 0.5868 0.9853 0.9829 0.5867 0.5861 0.5794 0.9842 0.5872 0.5895 0.5903 0.9852 0.5795 0.9815 0.9873 0.5792 0.5778 0.5867 0.5851 0.9794 0.5836 0.9873 0.5817 0.5874 0.5921 0.5865 0.9843 0.5878 0.9888 0.5843 0.9854 0.5880 0.5876 0.5857 0.5870 0.5906 0.5871 0.5919 0.5847 0.5846 0.5915 0.5900 0.9832 0.9858 0.9838 0.9842 0.9854 0.5916 0.9871 0.5770 0.5812 0.5816 0.9856 0.5803 0.5788 0.5766 0.9878 0.9856 0.5867 0.5876 0.5790 0.5799 0.9832
0.9768 0.5841 0.5841 0.9793 0.9151 0.5831 0.5835 0.5846 0.9796 0.9780 0.9778 0.9792 0.5859 0.5846 0.9819 0.5841 0.5833 0.9732 0.9786 0.5838 1.0000 0.9794 0.9793 0.9787 0.5836 0.9791 0.9808 0.9788 0.9826 0.9734 0.9821 0.9821 0.5833 0.9809 0.9749 0.9751 0.9807 0.5835 0.9817 0.5831 0.5839 0.9788 0.9767 0.9737 0.5837 0.9806 0.9791 0.9770 0.5831 0.9675 0.5832 0.5838 0.9727 0.9724 0.9818 0.9813 0.5831 0.9783 0.5839 0.9816 0.9810 0.9627 0.9810 0.5844 0.9784 0.5839 0.9842 0.5848 0.5757 0.9828 0.9780 0.5782 0.9750 0.9773 0.9702 0.9816 0.9755 0.9745 0.9770 0.5837 0.5841 0.5831 0.5834 0.5835 0.9638 0.5832 0.9755 0.9803 0.9767 0.5832 0.9753 0.9709 0.9737 0.5844 0.5825 0.5773 0.9807 0.9751 0.9779 0.5840
0.9782 0.5794 0.5794 0.9836 0.9053 0.5784 0.5789 0.5800 0.9769 0.9797 0.9719 0.9776 0.5812 0.5799 0.9813 0.5795 0.5786 0.9789 0.9809 0.5792 0.9794 1.0000 0.9742 0.9793 0.5790 0.9756 0.9803 0.9768 0.9820 0.9725 0.9819 0.9761 0.5788 0.9836 0.9809 0.9711 0.9831 0.5788 0.9799 0.5784 0.5792 0.9786 0.9748 0.9771 0.5791 0.9782 0.9743 0.9716 0.5785 0.9718 0.5785 0.5792 0.9763 0.9779 0.9769 0.9803 0.5783 0.9786 0.5793 0.9862 0.9794 0.9581 0.9775 0.5798 0.9753 0.5791 0.9809 0.5800 0.5690 0.9796 0.9784 0.5719 0.9712 0.9766 0.9680 0.9801 0.9761 0.9697 0.9736 0.5791 0.5795 0.5784 0.5786 0.5789 0.9573 0.5785 0.9826 0.9828 0.9805 0.5785 0.9795 0.9753 0.9809 0.5798 0.5778 0.5708 0.9754 0.9795 0.9844 0.5792
0.9765 0.5892 0.5892 0.9745 0.9231 0.5882 0.5887 0.5898 0.9819 0.9773 0.9837 0.9769 0.5911 0.5897 0.9752 0.5893 0.5884 0.9694 0.9772 0.5889 0.9793 0.9742 1.0000 0.9767 0.5888 0.9824 0.9807 0.9767 0.9736 0.9827 0.9803 0.9827 0.5885 0.9760 0.9693 0.9805 0.9715 0.5886 0.9818 0.5881 0.5890 0.9793 0.9787 0.9750 0.5889 0.9762 0.9817 0.9823 0.5883 0.9673 0.5884 0.5890 0.9709 0.9712 0.9826 0.9751 0.5883 0.9738 0.5890 0.9771 0.9815 0.9732 0.9841 0.5895 0.9777 0.5889 0.9794 0.5898 0.5746 0.9806 0.9792 0.5769 0.9787 0.9831 0.9791 0.9814 0.9785 0.9819 0.9823 0.5888 0.5892 0.5882 0.5883 0.5886 0.9712 0.5882 0.9703 0.9751 0.9738 0.5883 0.9740 0.9696 0.9708 0.5895 0.5876 0.5761 0.9749 0.9723 0.9775 0.5890
0.9769 0.5805 0.5806 0.9800 0.9118 0.5794 0.5799 0.5810 0.9786 0.9839 0.9760 0.9736 0.5826 0.5812 0.9748 0.5806 0.5795 0.9816 0.9838 0.5803 0.9787 0.9793 0.9767 1.0000 0.5801 0.9774 0.9790 0.9721 0.9786 0.9751 0.9797 0.9779 0.5797 0.9763 0.9762 0.9713 0.9765 0.5799 0.9781 0.5794 0.5802 0.9801 0.9794 0.9804 0.5800 0.9709 0.9748 0.9759 0.5795 0.9780 0.5795 0.5803 0.9807 0.9806 0.9805 0.9746 0.5793 0.9792 0.5804 0.9794 0.9783 0.9632 0.9793 0.5806 0.9717 0.5802 0.9778 0.5812 0.5698 0.9746 0.9800 0.5725 0.9682 0.9772 0.9725 0.9794 0.9818 0.9734 0.9733 0.5800 0.5805 0.5794 0.5795 0.5799 0.9631 0.5795 0.9805 0.9829 0.9826 0.5795 0.9818 0.9819 0.9790 0.5808 0.5788 0.5717 0.9732 0.9851 0.9826 0.5804
0.5852 0.9850 0.9857 0.5818 0.6008 0.9851 0.9843 0.9853 0.5888 0.5831 0.5899 0.5843 0.9817 0.9827 0.5856 0.9844 0.9838 0.5780 0.5803 0.9862 0.5836 0.5790 0.5888 0.5801 1.0000 0.5871 0.5840 0.5860 0.5820 0.5912 0.5824 0.5859 0.9848 0.5856 0.5782 0.5901 0.5798 0.9837 0.5866 0.9840 0.9838 0.5866 0.5859 0.5793 0.9834 0.5870 0.5893 0.5900 0.9853 0.5794 0.9844 0.9900 0.5791 0.5777 0.5864 0.5850 0.9786 0.5835 0.9855 0.5816 0.5871 0.5919 0.5862 0.9855 0.5877 0.9855 0.5841 0.9829 0.5863 0.5874 0.5855 0.5852 0.5904 0.5870 0.5918 0.5846 0.5843 0.5914 0.5898 0.9851 0.9846 0.9837 0.9825 0.9847 0.5912 0.9870 0.5769 0.5811 0.5815 0.9846 0.5801 0.5787 0.5764 0.9872 0.9860 0.5849 0.5874 0.5789 0.5798 0.9843
0.9802 0.5874 0.5875 0.9767 0.9205 0.5865 0.5870 0.5879 0.9829 0.9801 0.9847 0.9814 0.5893 0.5879 0.9790 0.5875 0.5866 0.9744 0.9798 0.5872 0.9791 0.9756 0.9824 0.9774 0.5871 1.0000 0.9850 0.9817 0.9771 0.9825 0.9809 0.9844 0.5867 0.9782 0.9713 0.9832 0.9732 0.5868 0.9834 0.5864 0.5874 0.9815 0.9823 0.9769 0.5872 0.9776 0.9859 0.9848 0.5865 0.9695 0.5866 0.5873 0.9720 0.9718 0.9850 0.9783 0.5865 0.9781 0.5873 0.9789 0.9806 0.9714 0.9828 0.5878 0.9810 0.5872 0.9831 0.5882 0.5704 0.9826 0.9843 0.5727 0.9772 0.9802 0.9804 0.9833 0.9803 0.9819 0.9830 0.5871 0.5875 0.5864 0.5866 0.5869 0.9703 0.5866 0.9748 0.9791 0.9763 0.5866 0.9774 0.9745 0.9699 0.5878 0.5860 0.5718 0.9807 0.9746 0.9772 0.5874
0.9842 0.5842 0.5843 0.9801 0.9163 0.5833 0.5839 0.5848 0.9820 0.9833 0.9803 0.9844 0.5861 0.5847 0.9805 0.5843 0.5834 0.9782 0.9850 0.5841 0.9808 0.9803 0.9807 0.9790 0.5840 0.9850 1.0000 0.9818 0.9801 0.9805 0.9823 0.9841 0.5836 0.9824 0.9787 0.9829 0.9773 0.5836 0.9832 0.5832 0.5842 0.9835 0.9836 0.9806 0.5840 0.9797 0.9837 0.9815 0.5833 0.9731 0.5835 0.5842 0.9762 0.9759 0.9846 0.9800 0.5833 0.9801 0.5842 0.9833 0.9816 0.9690 0.9833 0.5846 0.9829 0.5840 0.9836 0.5849 0.5697 0.9842 0.9832 0.5722 0.9766 0.9794 0.9775 0.9845 0.9809 0.9802 0.9811 0.5840 0.5844 0.5833 0.5834 0.5838 0.9668 0.5834 0.9806 0.9837 0.9806 0.5834 0.9808 0.9771 0.9739 0.5846 0.5827 0.5712 0.9811 0.9777 0.9814 0.5842
0.9782 0.5863 0.5863 0.9770 0.9151 0.5853 0.5860 0.5868 0.9777 0.9759 0.9743 0.9864 0.5880 0.5866 0.9786 0.5863 0.5856 0.9726 0.9760 0.5861 0.9788 0.9768 0.9767 0.9721 0.5860 0.9817 0.9818 1.0000 0.9787 0.9742 0.9806 0.9813 0.5856 0.9795 0.9723 0.9788 0.9756 0.5856 0.9814 0.5852 0.5864 0.9758 0.9784 0.9743 0.5860 0.9785 0.9798 0.9758 0.5853 0.9672 0.5855 0.5862 0.9689 0.9695 0.9819 0.9790 0.5855 0.9775 0.5861 0.9786 0.9772 0.9632 0.9788 0.5867 0.9804 0.5860 0.9833 0.5869 0.5692 0.9837 0.9786 0.5716 0.9720 0.9728 0.9725 0.9813 0.9768 0.9766 0.9774 0.5860 0.5864 0.5855 0.5856 0.5858 0.9623 0.5854 0.9752 0.9786 0.9736 0.5855 0.9741 0.9702 0.9689 0.5868 0.5848 0.5705 0.9795 0.9713 0.9751 0.5861
0.9771 0.5824 0.5824 0.9817 0.9078 0.5813 0.5818 0.5829 0.9762 0.9794 0.9740 0.9800 0.5842 0.5829 0.9819 0.5824 0.5816 0.9770 0.9793 0.5822 0.9826 0.9820 0.9736 0.9786 0.5820 0.9771 0.9801 0.9787 1.0000 0.9718 0.9803 0.9791 0.5816 0.9804 0.9769 0.9725 0.9820 0.5817 0.9788 0.5814 0.5822 0.9786 0.9771 0.9752 0.5821 0.9771 0.9757 0.9746 0.5813 0.9705 0.5815 0.5822 0.9721 0.9744 0.9801 0.9794 0.5814 0.9806 0.5822 0.9829 0.9779 0.9573 0.9772 0.5826 0.9784 0.5821 0.9826 0.5830 0.5710 0.9791 0.9773 0.5736 0.9685 0.9737 0.9673 0.9789 0.9758 0.9707 0.9717 0.5820 0.5824 0.5814 0.5816 0.5818 0.9584 0.5816 0.9814 0.9829 0.9772 0.5814 0.9783 0.9754 0.9745 0.5828 0.5808 0.5727 0.9788 0.9776 0.9778 0.5823
0.9812 0.5915 0.5915 0.9752 0.9206 0.5905 0.5911 0.5922 0.9797 0.9775 0.9834 0.9766 0.5933 0.5920 0.9731 0.5915 0.5907 0.9728 0.9767 0.5913 0.9734 0.9725 0.9827 0.9751 0.5912 0.9825 0.9805 0.9742 0.9718 1.0000 0.9775 0.9797 0.5909 0.9751 0.9701 0.9817 0.9676 0.5908 0.9788 0.5904 0.5914 0.9810 0.9805 0.9750 0.5914 0.9738 0.9825 0.9831 0.5906 0.9705 0.5908 0.5914 0.9719 0.9721 0.9799 0.9723 0.5905 0.9753 0.5914 0.9766 0.9818 0.9748 0.9809 0.5919 0.9774 0.5912 0.9769 0.5922 0.5693 0.9793 0.9812 0.5716 0.9759 0.9822 0.9837 0.9798 0.9796 0.9824 0.9818 0.5912 0.5916 0.5906 0.5906 0.5909 0.9712 0.5906 0.9713 0.9763 0.9758 0.5907 0.9770 0.9726 0.9705 0.5919 0.5900 0.5708 0.9746 0.9727 0.9771 0.5913
0.9817 0.5828 0.5827 0.9819 0.9132 0.5818 0.5823 0.5834 0.9805 0.9810 0.9777 0.9818 0.5846 0.5832 0.9799 0.5828 0.5820 0.9766 0.9812 0.5826 0.9821 0.9819 0.9803 0.9797 0.5824 0.9809 0.9823 0.9806 0.9803 0.9775 1.0000 0.9803 0.5821 0.9823 0.9759 0.9766 0.9796 0.5822 0.9829 0.5817 0.5827 0.9810 0.9799 0.9771 0.5825 0.9800 0.9787 0.9785 0.5819 0.9715 0.5819 0.5826 0.9747 0.9759 0.9852 0.9812 0.5818 0.9804 0.5826 0.9814 0.9820 0.9645 0.9833 0.5831 0.9787 0.5826 0.9853 0.5835 0.5707 0.9825 0.9807 0.5732 0.9733 0.9802 0.9724 0.9826 0.9796 0.9763 0.9773 0.5825 0.5829 0.5818 0.5820 0.5822 0.9635 0.5819 0.9793 0.9813 0.9804 0.5820 0.9790 0.9751 0.9760 0.5832 0.5812 0.5722 0.9797 0.9784 0.9807 0.5825
0.9783 0.5864 0.5864 0.9772 0.9228 0.5853 0.5858 0.5868 0.9832 0.9787 0.9846 0.9846 0.5882 0.5869 0.9782 0.5863 0.5855 0.9732 0.9780 0.5861 0.9821 0.9761 0.9827 0.9779 0.5859 0.9844 0.9841 0.9813 0.9791 0.9797 0.9803 1.0000 0.5856 0.9793 0.9717 0.9844 0.9740 0.5857 0.9817 0.5853 0.5862 0.9817 0.9812 0.9752 0.5860 0.9780 0.9846 0.9841 0.5853 0.9682 0.5855 0.5861 0.9703 0.9717 0.9842 0.9793 0.5854 0.9771 0.5862 0.9786 0.9800 0.9706 0.9847 0.5867 0.9814 0.5861 0.9824 0.5870 0.5706 0.9824 0.9799 0.5729 0.9772 0.9784 0.9778 0.9825 0.9808 0.9810 0.9821 0.5859 0.5864 0.5854 0.5855 0.5858 0.9720 0.5854 0.9749 0.9797 0.9753 0.5854 0.9757 0.9729 0.9708 0.5867 0.5848 0.5720 0.9812 0.9743 0.9773 0.5863
0.5850 0.9855 0.9843 0.5815 0.6006 0.9842 0.9817 0.9848 0.5885 0.5827 0.5895 0.5841 0.9793 0.9794 0.5853 0.9832 0.9836 0.5778 0.5800 0.9859 0.5833 0.5788 0.5885 0.5797 0.9848 0.5867 0.5836 0.5856 0.5816 0.5909 0.5821 0.5856 1.0000 0.5854 0.5781 0.5897 0.5795 0.9829 0.5863 0.9817 0.9818 0.5863 0.5856 0.5790 0.9821 0.5867 0.5890 0.5897 0.9850 0.5791 0.9799 0.9845 0.5789 0.5774 0.5861 0.5846 0.9754 0.5831 0.9846 0.5813 0.5869 0.5917 0.5859 0.9840 0.5873 0.9827 0.5837 0.9804 0.5864 0.5872 0.5851 0.5854 0.5901 0.5866 0.5915 0.5843 0.5841 0.5910 0.5895 0.9822 0.9830 0.9819 0.9825 0.9818 0.5910 0.9829 0.5766 0.5808 0.5813 0.9833 0.5799 0.5783 0.5763 0.9851 0.9852 0.5851 0.5871 0.5785 0.5795 0.9813
0.9804 0.5859 0.5859 0.9815 0.9100 0.5849 0.5854 0.5864 0.9800 0.9794 0.9741 0.9804 0.5876 0.5863 0.9847 0.5859 0.5851 0.9752 0.9793 0.5858 0.9809 0.9836 0.9760 0.9763 0.5856 0.9782 0.9824 0.9795 0.9804 0.9751 0.9823 0.9793 0.5854 1.0000 0.9786 0.9767 0.9826 0.5854 0.9827 0.5849 0.5858 0.9811 0.9757 0.9722 0.5855 0.9838 0.9800 0.9758 0.5850 0.9676 0.5850 0.5858 0.9727 0.9732 0.9797 0.9847 0.5848 0.9779 0.5858 0.9822 0.9801 0.9614 0.9793 0.5863 0.9811 0.5857 0.9828 0.5865 0.5710 0.9828 0.9771 0.5737 0.9761 0.9764 0.9700 0.9817 0.9757 0.9730 0.9753 0.5856 0.5860 0.5849 0.5852 0.5854 0.9600 0.5850 0.9771 0.9799 0.9807 0.5851 0.9760 0.9709 0.9732 0.5863 0.5844 0.5727 0.9825 0.9750 0.9785 0.5858
0.9803 0.5785 0.5785 0.9813 0.9033 0.5774 0.5782 0.5790 0.9713 0.9785 0.9672 0.9740 0.5803 0.5789 0.9743 0.5785 0.5778 0.9789 0.9810 0.5783 0.9749 0.9809 0.9693 0.9762 0.5782 0.9713 0.9787 0.9723 0.9769 0.9701 0.9759 0.9717 0.5781 0.9786 1.0000 0.9686 0.9776 0.5778 0.9758 0.5774 0.5784 0.9760 0.9737 0.9769 0.5783 0.9727 0.9722 0.9690 0.5775 0.9739 0.5778 0.5784 0.9778 0.9797 0.9740 0.9713 0.5775 0.9772 0.5784 0.9813 0.9752 0.9566 0.9719 0.5790 0.9713 0.5782 0.9749 0.5790 0.5671 0.9771 0.9737 0.5700 0.9658 0.9724 0.9673 0.9798 0.9727 0.9691 0.9697 0.5784 0.5786 0.5775 0.5778 0.5779 0.9533 0.5776 0.9818 0.9816 0.9816 0.5777 0.9803 0.9741 0.9800 0.5789 0.5770 0.5690 0.9708 0.9778 0.9799 0.5783
0.9769 0.5904 0.5904 0.9725 0.9285 0.5894 0.5899 0.5909 0.9822 0.9738 0.9829 0.9820 0.5921 0.5908 0.9757 0.5903 0.5895 0.9688 0.9758 0.5902 0.9751 0.9711 0.9805 0.9713 0.5901 0.9832 0.9829 0.9788 0.9725 0.9817 0.9766 0.9844 0.5897 0.9767 0.9686 1.0000 0.9675 0.5897 0.9776 0.5893 0.5903 0.9790 0.9799 0.9723 0.5901 0.9758 0.9852 0.9853 0.5894 0.9635 0.5895 0.5903 0.9662 0.9662 0.9805 0.9766 0.5893 0.9717 0.5902 0.9741 0.9779 0.9768 0.9821 0.5907 0.9810 0.5901 0.9771 0.5909 0.5695 0.9820 0.9766 0.5717 0.9799 0.9777 0.9812 0.9797 0.9770 0.9813 0.9822 0.5901 0.5905 0.5894 0.5895 0.5899 0.9754 0.5895 0.9695 0.9747 0.9721 0.5896 0.9722 0.9678 0.9652 0.5907 0.5888 0.5707 0.9786 0.9674 0.9722 0.5902
0.9742 0.5802 0.5802 0.9785 0.9034 0.5791 0.5796 0.5806 0.9741 0.9782 0.9690 0.9760 0.5820 0.5807 0.9835 0.5802 0.5794 0.9738 0.9774 0.5799 0.9807 0.9831 0.9715 0.9765 0.5798 0.9732 0.9773 0.9756 0.9820 0.9676 0.9796 0.9740 0.5795 0.9826 0.9776 0.9675 1.0000 0.5796 0.9782 0.5792 0.5800 0.9750 0.9701 0.9702 0.5798 0.9792 0.9715 0.9695 0.5792 0.9677 0.5792 0.5800 0.9714 0.9723 0.9759 0.9803 0.5792 0.9763 0.5800 0.9820 0.9748 0.9531 0.9750 0.5805 0.9753 0.5799 0.9803 0.5808 0.5720 0.9770 0.9741 0.5747 0.9692 0.9722 0.9632 0.9764 0.9710 0.9663 0.9698 0.5798 0.5802 0.5792 0.5795 0.5796 0.9534 0.5793 0.9773 0.9782 0.9766 0.5792 0.9740 0.9703 0.9736 0.5805 0.5786 0.5737 0.9763 0.9761 0.9779 0.5801
0.5848 0.9854 0.9864 0.5815 0.6010 0.9836 0.9784 0.9840 0.5887 0.5829 0.5897 0.5840 0.9840 0.9830 0.5855 0.9855 0.9812 0.5777 0.5800 0.9848 0.5835 0.5788 0.5886 0.5799 0.9837 0.5868 0.5836 0.5856 0.5817 0.5908 0.5822 0.5857 0.9829 0.5854 0.5778 0.5897 0.5796 1.0000 0.5863 0.9838 0.9788 0.5863 0.5857 0.5790 0.9785 0.5867 0.5891 0.5899 0.9846 0.5790 0.9778 0.9829 0.5788 0.5773 0.5862 0.5849 0.9745 0.5831 0.9841 0.5812 0.5869 0.5915 0.5860 0.9799 0.5873 0.9853 0.5839 0.9832 0.5877 0.5870 0.5851 0.5867 0.5901 0.5866 0.5914 0.5842 0.5842 0.5910 0.5894 0.9784 0.9814 0.9791 0.9813 0.9831 0.5911 0.9832 0.5766 0.5807 0.5813 0.9828 0.5798 0.5784 0.5762 0.9837 0.9843 0.5864 0.5872 0.5786 0.5794 0.9833
0.9799 0.5870 0.5870 0.9782 0.9132 0.5859 0.5866 0.5875 0.9811 0.9805 0.9776 0.9796 0.5888 0.5874 0.9809 0.5870 0.5862 0.9743 0.9792 0.5868 0.9817 0.9799 0.9818 0.9781 0.5866 0.9834 0.9832 0.9814 0.9788 0.9788 0.9829 0.9817 0.5863 0.9827 0.9758 0.9776 0.9782 0.5863 1.0000 0.5859 0.5869 0.9798 0.9782 0.9750 0.5867 0.9814 0.9814 0.9782 0.5860 0.9686 0.5862 0.5868 0.9738 0.9737 0.9840 0.9797 0.5860 0.9777 0.5868 0.9826 0.9813 0.9649 0.9819 0.5873 0.9806 0.5867 0.9854 0.5876 0.5729 0.9833 0.9820 0.5754 0.9764 0.9810 0.9745 0.9840 0.9771 0.9783 0.9803 0.5866 0.5870 0.5860 0.5861 0.5864 0.9624 0.5861 0.9758 0.9790 0.9773 0.5861 0.9761 0.9723 0.9739 0.5874 0.5854 0.5745 0.9791 0.9763 0.9794 0.5868
0.5844 0.9864 0.9842 0.5811 0.6002 0.9864 0.9813 0.9840 0.5882 0.5824 0.5893 0.5836 0.9825 0.9835 0.5850 0.9860 0.9843 0.5773 0.5795 0.9853 0.5831 0.5784 0.5881 0.5794 0.9840 0.5864 0.5832 0.5852 0.5814 0.5904 0.5817 0.5853 0.9817 0.5849 0.5774 0.5893 0.5792 0.9838 0.5859 1.0000 0.9826 0.5858 0.5852 0.5785 0.9844 0.5864 0.5886 0.5893 0.9843 0.5786 0.9819 0.9851 0.5783 0.5769 0.5858 0.5843 0.9804 0.5828 0.9853 0.5809 0.5865 0.5911 0.5856 0.9834 0.5870 0.9861 0.5835 0.9860 0.5900 0.5867 0.5848 0.5889 0.5897 0.5863 0.5910 0.5838 0.5836 0.5906 0.5892 0.9830 0.9858 0.9836 0.9844 0.9841 0.5907 0.9862 0.5761 0.5804 0.5807 0.9841 0.5795 0.5779 0.5758 0.9863 0.9860 0.5886 0.5868 0.5781 0.5790 0.9845
0.5855 0.9829 0.9810 0.5820 0.6009 0.9821 0.9850 0.9816 0.5889 0.5833 0.5901 0.5847 0.9769 0.9782 0.5858 0.9827 0.9851 0.5783 0.5804 0.9829 0.5839 0.5792 0.5890 0.5802 0.9838 0.5874 0.5842 0.5864 0.5822 0.5914 0.5827 0.5862 0.9818 0.5858 0.5784 0.5903 0.5800 0.9788 0.5869 0.9826 1.0000 0.5868 0.5862 0.5796 0.9831 0.5873 0.5896 0.5902 0.9826 0.5796 0.9835 0.9852 0.5793 0.5779 0.5868 0.5851 0.9814 0.5838 0.9806 0.5819 0.5874 0.5921 0.5864 0.9855 0.5879 0.9821 0.5845 0.9812 0.5885 0.5877 0.5857 0.5873 0.5906 0.5872 0.5920 0.5848 0.5846 0.5917 0.5902 0.9858 0.9839 0.9840 0.9854 0.9805 0.5915 0.9824 0.5771 0.5813 0.5817 0.9843 0.5804 0.5789 0.5767 0.9836 0.9844 0.5870 0.5877 0.5790 0.5800 0.9804
0.9830 0.5869 0.5869 0.9807 0.9157 0.5859 0.5864 0.5875 0.9821 0.9828 0.9814 0.9787 0.5888 0.5875 0.9788 0.5870 0.5860 0.9768 0.9806 0.5867 0.9788 0.9786 0.9793 0.9801 0.5866 0.9815 0.9835 0.9758 0.9786 0.9810 0.9810 0.9817 0.5863 0.9811 0.9760 0.9790 0.9750 0.5863 0.9798 0.5858 0.5868 1.0000 0.9821 0.9766 0.5866 0.9757 0.9827 0.9833 0.5860 0.9725 0.5861 0.5868 0.9746 0.9760 0.9820 0.9788 0.5857 0.9791 0.5869 0.9804 0.9824 0.9689 0.9807 0.5872 0.9782 0.5867 0.9787 0.5876 0.5700 0.9792 0.9808 0.5725 0.9755 0.9801 0.9761 0.9810 0.9819 0.9776 0.9779 0.5866 0.5870 0.5859 0.5860 0.5864 0.9672 0.5860 0.9783 0.9817 0.9811 0.5860 0.9794 0.9763 0.9746 0.5873 0.5854 0.5716 0.9802 0.9784 0.9797 0.5868
0.9821 0.5863 0.5863 0.9780 0.9197 0.5853 0.5859 0.5868 0.9802 0.9826 0.9812 0.9795 0.5882 0.5868 0.9737 0.5863 0.5854 0.9786 0.9818 0.5861 0.9767 0.9748 0.9787 0.9794 0.5859 0.9823 0.9836 0.9784 0.9771 0.9805 0.9799 0.9812 0.5856 0.9757 0.9737 0.9799 0.9701 0.5857 0.9782 0.5852 0.5862 0.9821 1.0000 0.9830 0.5860 0.9713 0.9818 0.9825 0.5853 0.9758 0.5855 0.5862 0.9756 0.9777 0.9851 0.9739 0.5853 0.9807 0.5862 0.9768 0.9798 0.9723 0.9797 0.5866 0.9766 0.5861 0.9792 0.5870 0.5691 0.9783 0.9834 0.5714 0.9708 0.9762 0.9808 0.9814 0.9851 0.9817 0.9793 0.5860 0.5864 0.5853 0.5854 0.5858 0.9705 0.5855 0.9789 0.9823 0.9786 0.5854 0.9822 0.9799 0.9737 0.5867 0.5848 0.5705 0.9767 0.9784 0.9786 0.5862
0.9793 0.5796 0.5797 0.9786 0.9129 0.5785 0.5793 0.5802 0.9745 0.9799 0.9738 0.9745 0.5816 0.5801 0.9698 0.5797 0.5788 0.9824 0.9827 0.5794 0.9737 0.9771 0.9750 0.9804 0.5793 0.9769 0.9806 0.9743 0.9752 0.9750 0.9771 0.9752 0.5790 0.9722 0.9769 0.9723 0.9702 0.5790 0.9750 0.5785 0.5796 0.9766 0.9830 1.0000 0.5794 0.9666 0.9743 0.9743 0.5786 0.9799 0.5789 0.5796 0.9819 0.9833 0.9786 0.9696 0.5787 0.9798 0.5795 0.9785 0.9757 0.9662 0.9749 0.5800 0.9705 0.5794 0.9750 0.5804 0.5670 0.9755 0.9804 0.5696 0.9655 0.9736 0.9753 0.9813 0.9823 0.9761 0.9736 0.5793 0.5798 0.5786 0.5787 0.5790 0.9627 0.5787 0.9820 0.9828 0.9800 0.5788 0.9853 0.9842 0.9794 0.5801 0.5780 0.5686 0.9694 0.9802 0.9821 0.5794
0.5854 0.9855 0.9817 0.5818 0.6008 0.9844 0.9832 0.9852 0.5888 0.5831 0.5901 0.5844 0.9787 0.9804 0.5856 0.9825 0.9826 0.5781 0.5803 0.9842 0.5837 0.5791 0.5889 0.5800 0.9834 0.5872 0.5840 0.5860 0.5821 0.5914 0.5825 0.5860 0.9821 0.5855 0.5783 0.5901 0.5798 0.9785 0.5867 0.9844 0.9831 0.5866 0.5860 0.5794 1.0000 0.5870 0.5893 0.5901 0.9822 0.5794 0.9844 0.9863 0.5791 0.5777 0.5866 0.5848 0.9835 0.5835 0.9830 0.5817 0.5873 0.5920 0.5864 0.9854 0.5878 0.9838 0.5842 0.9809 0.5888 0.5875 0.5857 0.5875 0.5905 0.5872 0.5919 0.5846 0.5844 0.5915 0.5900 0.9852 0.9847 0.9823 0.9807 0.9831 0.5914 0.9834 0.5770 0.5811 0.5814 0.9858 0.5803 0.5787 0.5766 0.9853 0.9832 0.5873 0.5873 0.5788 0.5799 0.9799
0.9761 0.5874 0.5874 0.9766 0.9116 0.5864 0.5869 0.5878 0.9777 0.9750 0.9739 0.9802 0.5890 0.5878 0.9833 0.5873 0.5866 0.9676 0.9745 0.5872 0.9806 0.9782 0.9762 0.9709 0.5870 0.9776 0.9797 0.9785 0.9771 0.9738 0.9800 0.9780 0.5867 0.9838 0.9727 0.9758 0.9792 0.5867 0.9814 0.5864 0.5873 0.9757 0.9713 0.9666 0.5870 1.0000 0.9781 0.9739 0.5864 0.9617 0.5865 0.5872 0.9661 0.9657 0.9784 0.9827 0.5864 0.9729 0.5872 0.9793 0.9785 0.9602 0.9792 0.5877 0.9832 0.5871 0.9824 0.5879 0.5725 0.9820 0.9746 0.5750 0.9778 0.9767 0.9683 0.9780 0.9697 0.9718 0.9765 0.5871 0.5874 0.5864 0.5867 0.5869 0.9598 0.5865 0.9708 0.9740 0.9727 0.5866 0.9697 0.9642 0.9675 0.5877 0.5858 0.5740 0.9812 0.9694 0.9740 0.5872
0.9808 0.5897 0.5896 0.9771 0.9222 0.5886 0.5892 0.5901 0.9831 0.9780 0.9837 0.9810 0.5914 0.5901 0.9783 0.5896 0.5888 0.9722 0.9773 0.5895 0.9791 0.9743 0.9817 0.9748 0.5893 0.9859 0.9837 0.9798 0.9757 0.9825 0.9787 0.9846 0.5890 0.9800 0.9722 0.9852 0.9715 0.5891 0.9814 0.5886 0.5896 0.9827 0.9818 0.9743 0.5893 0.9781 1.0000 0.9862 0.5888 0.9669 0.5888 0.5895 0.9702 0.9706 0.9823 0.9790 0.5886 0.9756 0.5895 0.9773 0.9806 0.9726 0.9819 0.5900 0.9822 0.5894 0.9801 0.5903 0.5712 0.9839 0.9798 0.5735 0.9801 0.9801 0.9790 0.9829 0.9780 0.9830 0.9822 0.5894 0.5897 0.5886 0.5889 0.5891 0.9706 0.5888 0.9724 0.9777 0.9762 0.5888 0.9755 0.9710 0.9683 0.5900 0.5881 0.5726 0.9820 0.9718 0.9762 0.5895
0.9779 0.5904 0.5905 0.9740 0.9263 0.5895 0.5899 0.5910 0.9834 0.9779 0.9877 0.9789 0.5923 0.5910 0.9762 0.5904 0.5895 0.9710 0.9775 0.5903 0.9770 0.9716 0.9823 0.9759 0.5900 0.9848 0.9815 0.9758 0.9746 0.9831 0.9785 0.9841 0.5897 0.9758 0.9690 0.9853 0.9695 0.5899 0.9782 0.5893 0.5902 0.9833 0.9825 0.9743 0.5901 0.9739 0.9862 1.0000 0.5895 0.9680 0.5896 0.5903 0.9693 0.9694 0.9833 0.9769 0.5893 0.9742 0.5903 0.9744 0.9794 0.9753 0.9824 0.5906 0.9800 0.5902 0.9771 0.5912 0.5718 0.9801 0.9789 0.5741 0.9785 0.9790 0.9802 0.9798 0.9805 0.9822 0.9803 0.5900 0.5905 0.5894 0.5895 0.5899 0.9753 0.5895 0.9715 0.9773 0.9746 0.5895 0.9745 0.9720 0.9668 0.5907 0.5889 0.5733 0.9800 0.9718 0.9737 0.5903
0.5847 0.9860 0.9840 0.5812 0.6006 0.9854 0.9807 0.9855 0.5883 0.5825 0.5894 0.5837 0.9800 0.9821 0.5850 0.9843 0.9844 0.5775 0.5797 0.9852 0.5831 0.5785 0.5883 0.5795 0.9853 0.5865 0.5833 0.5853 0.5813 0.5906 0.5819 0.5853 0.9850 0.5850 0.5775 0.5894 0.5792 0.9846 0.5860 0.9843 0.9826 0.5860 0.5853 0.5786 0.9822 0.5864 0.5888 0.5895 1.0000 0.5788 0.9808 0.9856 0.5785 0.5771 0.5859 0.5844 0.9772 0.5828 0.9841 0.5810 0.5866 0.5914 0.5858 0.9825 0.5870 0.9853 0.5835 0.9846 0.5895 0.5868 0.5849 0.5883 0.5899 0.5864 0.5912 0.5840 0.5838 0.5908 0.5892 0.9822 0.9839 0.9825 0.9825 0.9834 0.5908 0.9855 0.5762 0.5805 0.5809 0.9853 0.5795 0.5781 0.5759 0.9854 0.9864 0.5881 0.5869 0.5783 0.5792 0.9817
0.9759 0.5797 0.5797 0.9760 0.9048 0.5787 0.5794 0.5803 0.9671 0.9784 0.9674 0.9683 0.5819 0.5804 0.9644 0.5798 0.5790 0.9813 0.9772 0.5795 0.9675 0.9718 0.9673 0.9780 0.5794 0.9695 0.9731 0.9672 0.9705 0.9705 0.9715 0.9682 0.5791 0.9676 0.9739 0.9635 0.9677 0.5790 0.9686 0.5786 0.5796 0.9725 0.9758 0.9799 0.5794 0.9617 0.9669 0.9680 0.5788 1.0000 0.5790 0.5796 0.9809 0.9819 0.9717 0.9642 0.5788 0.9794 0.5796 0.9729 0.9704 0.9580 0.9678 0.5801 0.9628 0.5795 0.9692 0.5806 0.5657 0.9679 0.9743 0.5684 0.9576 0.9674 0.9696 0.9722 0.9778 0.9689 0.9676 0.5794 0.5799 0.5788 0.5788 0.5791 0.9552 0.5788 0.9793 0.9799 0.9778 0.5788 0.9803 0.9836 0.9775 0.5801 0.5781 0.5675 0.9647 0.9834 0.9778 0.5797
0.5848 0.9815 0.9813 0.5813 0.6002 0.9817 0.9845 0.9817 0.5882 0.5826 0.5895 0.5839 0.9786 0.9796 0.5849 0.9805 0.9812 0.5775 0.5797 0.9815 0.5832 0.5785 0.5884 0.5795 0.9844 0.5866 0.5835 0.5855 0.5815 0.5908 0.5819 0.5855 0.9799 0.5850 0.5778 0.5895 0.5792 0.9778 0.5862 0.9819 0.9835 0.5861 0.5855 0.5789 0.9844 0.5865 0.5888 0.5896 0.9808 0.5790 1.0000 0.9849 0.5786 0.5773 0.5860 0.5842 0.9822 0.5831 0.9814 0.5812 0.5868 0.5915 0.5857 0.9860 0.5872 0.9823 0.5837 0.9799 0.5882 0.5869 0.5851 0.5869 0.5899 0.5866 0.5914 0.5841 0.5839 0.5910 0.5895 0.9846 0.9838 0.9825 0.9810 0.9791 0.5908 0.9819 0.5764 0.5805 0.5809 0.9822 0.5797 0.5782 0.5761 0.9831 0.9831 0.5867 0.5868 0.5784 0.5793 0.9794
0.5855 0.9855 0.9867 0.5820 0.6009 0.9861 0.9863 0.9868 0.5890 0.5832 0.5901 0.5845 0.9813 0.9819 0.5858 0.9852 0.9841 0.5782 0.5804 0.9873 0.5838 0.5792 0.5890 0.5803 0.9900 0.5873 0.5842 0.5862 0.5822 0.5914 0.5826 0.5861 0.9845 0.5858 0.5784 0.5903 0.5800 0.9829 0.5868 0.9851 0.9852 0.5868 0.5862 0.5796 0.9863 0.5872 0.5895 0.5903 0.9856 0.5796 0.9849 1.0000 0.5793 0.5779 0.5867 0.5851 0.9802 0.5837 0.9853 0.5818 0.5874 0.5921 0.5865 0.9865 0.5879 0.9864 0.5843 0.9839 0.5870 0.5876 0.5857 0.5859 0.5906 0.5872 0.5920 0.5848 0.5846 0.5916 0.5900 0.9865 0.9855 0.9852 0.9832 0.9852 0.5915 0.9870 0.5771 0.5813 0.5817 0.9854 0.5803 0.5789 0.5767 0.9879 0.9870 0.5856 0.5876 0.5791 0.5800 0.9843
0.9772 0.5794 0.5795 0.9797 0.9064 0.5783 0.5790 0.5800 0.9716 0.9790 0.9685 0.9690 0.5814 0.5801 0.9691 0.5796 0.5787 0.9825 0.9808 0.5792 0.9727 0.9763 0.9709 0.9807 0.5791 0.9720 0.9762 0.9689 0.9721 0.9719 0.9747 0.9703 0.5789 0.9727 0.9778 0.9662 0.9714 0.5788 0.9738 0.5783 0.5793 0.9746 0.9756 0.9819 0.5791 0.9661 0.9702 0.9693 0.5785 0.9809 0.5786 0.5793 1.0000 0.9829 0.9739 0.9686 0.5784 0.9785 0.5793 0.9769 0.9750 0.9597 0.9712 0.5797 0.9653 0.5792 0.9729 0.5802 0.5676 0.9723 0.9759 0.5704 0.9621 0.9725 0.9699 0.9775 0.9782 0.9710 0.9697 0.5791 0.5796 0.5784 0.5785 0.5788 0.9566 0.5785 0.9806 0.9806 0.9818 0.5786 0.9830 0.9800 0.9828 0.5798 0.5778 0.5695 0.9670 0.9823 0.9817 0.5792
0.9785 0.5780 0.5780 0.9818 0.9054 0.5769 0.5776 0.5785 0.9711 0.9813 0.9692 0.9702 0.5801 0.5786 0.9687 0.5781 0.5772 0.9848 0.9806 0.5778 0.9724 0.9779 0.9712 0.9806 0.5777 0.9718 0.9759 0.9695 0.9744 0.9721 0.9759 0.9717 0.5774 0.9732 0.9797 0.9662 0.9723 0.5773 0.9737 0.5769 0.5779 0.9760 0.9777 0.9833 0.5777 0.9657 0.9706 0.9694 0.5771 0.9819 0.5773 0.5779 0.9829 1.0000 0.9747 0.9684 0.5770 0.9817 0.5779 0.9783 0.9748 0.9600 0.9713 0.5784 0.9664 0.5777 0.9734 0.5788 0.5672 0.9718 0.9773 0.5700 0.9614 0.9718 0.9701 0.9783 0.9796 0.9717 0.9703 0.5778 0.5781 0.5771 0.5772 0.5773 0.9575 0.5771 0.9824 0.9819 0.9828 0.5771 0.9863 0.9831 0.9839 0.5784 0.5765 0.5690 0.9671 0.9848 0.9829 0.5779
0.9809 0.5869 0.5869 0.9777 0.9186 0.5859 0.5864 0.5874 0.9827 0.9830 0.9820 0.9827 0.5888 0.5873 0.9794 0.5869 0.5860 0.9754 0.9820 0.5867 0.9818 0.9769 0.9826 0.9805 0.5864 0.9850 0.9846 0.9819 0.9801 0.9799 0.9852 0.9842 0.5861 0.9797 0.9740 0.9805 0.9759 0.5862 0.9840 0.5858 0.5868 0.9820 0.9851 0.9786 0.5866 0.9784 0.9823 0.9833 0.5859 0.9717 0.5860 0.5867 0.9739 0.9747 1.0000 0.9784 0.5859 0.9806 0.5867 0.9805 0.9821 0.9686 0.9853 0.5871 0.9806 0.5867 0.9834 0.5876 0.5718 0.9825 0.9834 0.5742 0.9756 0.9794 0.9782 0.9846 0.9816 0.9816 0.9807 0.5865 0.5870 0.5859 0.5861 0.5864 0.9685 0.5860 0.9783 0.9808 0.9789 0.5861 0.9782 0.9758 0.9726 0.5873 0.5853 0.5733 0.9810 0.9771 0.9786 0.5867
0.9752 0.5853 0.5853 0.9782 0.9134 0.5843 0.5847 0.5858 0.9814 0.9766 0.9748 0.9805 0.5871 0.5858 0.9859 0.5853 0.5845 0.9715 0.9769 0.5851 0.9813 0.9803 0.9751 0.9746 0.5850 0.9783 0.9800 0.9790 0.9794 0.9723 0.9812 0.9793 0.5846 0.9847 0.9713 0.9766 0.9803 0.5849 0.9797 0.5843 0.5851 0.9788 0.9739 0.9696 0.5848 0.9827 0.9790 0.9769 0.5844 0.9642 0.5842 0.5851 0.9686 0.9684 0.9784 1.0000 0.5841 0.9744 0.5852 0.9779 0.9779 0.9606 0.9791 0.5855 0.9798 0.5851 0.9825 0.5860 0.5712 0.9808 0.9750 0.5739 0.9750 0.9743 0.9673 0.9774 0.9742 0.9707 0.9742 0.5849 0.5853 0.5843 0.5845 0.5849 0.9616 0.5845 0.9741 0.9778 0.9763 0.5844 0.9721 0.9684 0.9686 0.5857 0.5838 0.5728 0.9833 0.9717 0.9760 0.5852
0.5847 0.9815 0.9769 0.5811 0.6001 0.9788 0.9821 0.9782 0.5880 0.5824 0.5894 0.5838 0.9768 0.9770 0.5848 0.9787 0.9814 0.5773 0.5795 0.9794 0.5831 0.5783 0.5883 0.5793 0.9786 0.5865 0.5833 0.5855 0.5814 0.5905 0.5818 0.5854 0.9754 0.5848 0.5775 0.5893 0.5792 0.9745 0.5860 0.9804 0.9814 0.5857 0.5853 0.5787 0.9835 0.5864 0.5886 0.5893 0.9772 0.5788 0.9822 0.9802 0.5784 0.5770 0.5859 0.5841 1.0000 0.5830 0.9782 0.5810 0.5865 0.5911 0.5856 0.9836 0.5870 0.9791 0.5837 0.9785 0.5915 0.5868 0.5850 0.5901 0.5895 0.5863 0.5911 0.5839 0.5837 0.5908 0.5893 0.9834 0.9812 0.9815 0.9812 0.9779 0.5907 0.9800 0.5762 0.5804 0.5807 0.9814 0.5795 0.5781 0.5759 0.9812 0.9793 0.5898 0.5867 0.5781 0.5791 0.9791
