1.0000 0.6681 0.9822 0.6370 0.9815 0.9816 0.6357 0.9836 0.6728 0.6611 0.9820 0.9826 0.6658 0.9810 0.6674 0.6251 0.9820 0.6367 0.9808 0.6620 0.6611 0.9808 0.9818 0.6217 0.9821 0.6221 0.9801 0.6574 0.9790 0.6534 0.6235 0.6303 0.9819 0.6377 0.6337 0.6669 0.6683 0.9838 0.9841 0.6682 0.7269 0.6708 0.6386 0.5927 0.9830 0.9834 0.9795 0.6367 0.6702 0.6361 0.9819 0.6352 0.6323 0.6689 0.6239 0.6568 0.9825 0.6338 0.9791 0.9772 0.6729 0.9827 0.6391 0.6597 0.9843 0.9822 0.9820 0.9832 0.9838 0.6710 0.9838 0.9860 0.6532 0.9835 0.5910 0.6387 0.9827 0.6313 0.6567 0.6210 0.5812 0.6707 0.6366 0.6620 0.9819 0.6696 0.9815 0.6569 0.6667 0.6714 0.6345 0.9824 0.9807 0.9824 0.6349 0.9800 0.9833 0.6341 0.6222 0.9804
0.6681 1.0000 0.6672 0.6904 0.6659 0.6678 0.6899 0.6670 0.7210 0.7182 0.6678 0.6667 0.9757 0.6690 0.9823 0.5233 0.6669 0.6895 0.6670 0.7171 0.7161 0.6682 0.6663 0.5221 0.6657 0.6656 0.6661 0.7120 0.6662 0.5458 0.5227 0.7058 0.6678 0.6907 0.6905 0.9826 0.9825 0.6682 0.6678 0.9812 0.5684 0.7211 0.5834 0.5444 0.6669 0.6679 0.6665 0.6881 0.9838 0.6881 0.6662 0.6884 0.7092 0.7232 0.5244 0.7119 0.6667 0.6877 0.6647 0.6661 0.7233 0.6678 0.5858 0.7146 0.6676 0.6657 0.6657 0.6681 0.6669 0.7228 0.6676 0.6663 0.7071 0.6680 0.5422 0.7243 0.6669 0.6891 0.7127 0.5214 0.5335 0.7216 0.5814 0.7186 0.6665 0.7191 0.6659 0.7134 0.9819 0.7242 0.6904 0.6676 0.6659 0.6680 0.6880 0.6651 0.6667 0.6900 0.5216 0.6655
0.9822 0.6672 1.0000 0.6378 0.9829 0.9831 0.6365 0.9862 0.6722 0.6598 0.9841 0.9847 0.6650 0.9825 0.6666 0.6252 0.9857 0.6376 0.9841 0.6607 0.6598 0.9840 0.9855 0.6218 0.9816 0.6203 0.9847 0.6561 0.9830 0.6517 0.6236 0.6323 0.9835 0.6385 0.6345 0.6661 0.6675 0.9855 0.9835 0.6673 0.7261 0.6701 0.6384 0.5923 0.9848 0.9835 0.9845 0.6375 0.6693 0.6369 0.9831 0.6360 0.6343 0.6681 0.6240 0.6555 0.9858 0.6346 0.9806 0.9807 0.6720 0.9855 0.6390 0.6584 0.9829 0.9824 0.9832 0.9824 0.9858 0.6701 0.9845 0.9838 0.6519 0.9847 0.5905 0.6410 0.9841 0.6321 0.6554 0.6211 0.5807 0.6700 0.6364 0.6608 0.9827 0.6678 0.9831 0.6556 0.6659 0.6705 0.6353 0.9855 0.9821 0.9851 0.6357 0.9839 0.9837 0.6349 0.6224 0.9815
0.6370 0.6904 0.6378 1.0000 0.6354 0.6377 0.9831 0.6378 0.7020 0.5820 0.6374 0.6371 0.6872 0.6390 0.6879 0.5184 0.6374 0.9847 0.6374 0.5813 0.5815 0.6374 0.6380 0.5171 0.6370 0.5467 0.6377 0.5794 0.6367 0.4996 0.5184 0.6416 0.6389 0.9826 0.9786 0.6908 0.6918 0.6386 0.6377 0.6888 0.5469 0.7041 0.7233 0.6669 0.6378 0.6381 0.6381 0.9838 0.6918 0.9796 0.6380 0.9820 0.6414 0.7043 0.5194 0.5760 0.6384 0.9810 0.6373 0.6389 0.7040 0.6380 0.7258 0.5805 0.6384 0.6380 0.6381 0.6375 0.6374 0.7018 0.6386 0.6379 0.5733 0.6385 0.6648 0.6562 0.6368 0.9738 0.5769 0.5172 0.6552 0.7057 0.7242 0.5819 0.6383 0.5844 0.6373 0.5771 0.6904 0.7079 0.9736 0.6383 0.6387 0.6382 0.9767 0.6373 0.6374 0.9815 0.5175 0.6382
0.9815 0.6659 0.9829 0.6354 1.0000 0.9841 0.6341 0.9819 0.6710 0.6583 0.9831 0.9848 0.6636 0.9817 0.6653 0.6249 0.9833 0.6352 0.9824 0.6591 0.6582 0.9824 0.9823 0.6214 0.9814 0.6197 0.9821 0.6544 0.9832 0.6527 0.6233 0.6319 0.9838 0.6362 0.6322 0.6648 0.6661 0.9815 0.9820 0.6660 0.7266 0.6688 0.6363 0.5906 0.9836 0.9822 0.9836 0.6352 0.6680 0.6345 0.9815 0.6337 0.6338 0.6669 0.6237 0.6541 0.9826 0.6324 0.9812 0.9810 0.6709 0.9830 0.6369 0.6568 0.9822 0.9786 0.9826 0.9819 0.9860 0.6691 0.9849 0.9840 0.6505 0.9825 0.5888 0.6405 0.9846 0.6298 0.6540 0.6207 0.5790 0.6688 0.6344 0.6593 0.9829 0.6670 0.9832 0.6541 0.6646 0.6693 0.6330 0.9816 0.9806 0.9818 0.6334 0.9850 0.9835 0.6327 0.6221 0.9826
0.9816 0.6678 0.9831 0.6377 0.9841 1.0000 0.6363 0.9838 0.6700 0.6608 0.9841 0.9815 0.6657 0.9852 0.6673 0.6269 0.9842 0.6374 0.9836 0.6617 0.6608 0.9851 0.9826 0.6235 0.9795 0.6213 0.9842 0.6570 0.9811 0.6527 0.6254 0.6310 0.9845 0.6383 0.6344 0.6668 0.6682 0.9818 0.9839 0.6679 0.7267 0.6679 0.6386 0.5924 0.9826 0.9815 0.9849 0.6374 0.6700 0.6366 0.9804 0.6360 0.6329 0.6660 0.6258 0.6565 0.9845 0.6345 0.9782 0.9810 0.6699 0.9842 0.6392 0.6594 0.9835 0.9806 0.9828 0.9828 0.9849 0.6681 0.9836 0.9826 0.6529 0.9819 0.5906 0.6399 0.9844 0.6321 0.6564 0.6229 0.5807 0.6679 0.6367 0.6618 0.9830 0.6689 0.9850 0.6567 0.6665 0.6685 0.6352 0.9839 0.9806 0.9826 0.6355 0.9838 0.9848 0.6348 0.6242 0.9821
0.6357 0.6899 0.6365 0.9831 0.6341 0.6363 1.0000 0.6365 0.6991 0.5792 0.6360 0.6356 0.6864 0.6377 0.6874 0.5163 0.6360 0.9802 0.6360 0.5786 0.5787 0.6360 0.6366 0.5150 0.6356 0.5448 0.6363 0.5765 0.6353 0.4963 0.5164 0.6428 0.6376 0.9830 0.9805 0.6903 0.6912 0.6372 0.6364 0.6883 0.5465 0.7014 0.7207 0.6647 0.6365 0.6368 0.6367 0.9785 0.6912 0.9797 0.6367 0.9803 0.6421 0.7019 0.5174 0.5733 0.6371 0.9821 0.6360 0.6375 0.7011 0.6365 0.7231 0.5777 0.6371 0.6367 0.6368 0.6361 0.6361 0.6992 0.6372 0.6365 0.5706 0.6372 0.6625 0.6573 0.6354 0.9772 0.5741 0.5151 0.6531 0.7032 0.7215 0.5791 0.6370 0.5822 0.6360 0.5744 0.6900 0.7052 0.9788 0.6370 0.6374 0.6368 0.9790 0.6360 0.6362 0.9791 0.5154 0.6368
0.9836 0.6670 0.9862 0.6378 0.9819 0.9838 0.6365 1.0000 0.6706 0.6599 0.9850 0.9838 0.6646 0.9817 0.6662 0.6251 0.9858 0.6376 0.9818 0.6607 0.6598 0.9833 0.9845 0.6217 0.9843 0.6197 0.9840 0.6562 0.9836 0.6508 0.6236 0.6304 0.9843 0.6386 0.6346 0.6658 0.6672 0.9835 0.9837 0.6669 0.7263 0.6685 0.6386 0.5920 0.9843 0.9843 0.9832 0.6376 0.6689 0.6369 0.9840 0.6361 0.6323 0.6664 0.6241 0.6556 0.9869 0.6346 0.9812 0.9817 0.6704 0.9842 0.6392 0.6585 0.9843 0.9846 0.9845 0.9840 0.9846 0.6686 0.9849 0.9849 0.6519 0.9852 0.5903 0.6390 0.9836 0.6321 0.6555 0.6211 0.5803 0.6685 0.6367 0.6608 0.9842 0.6676 0.9863 0.6557 0.6655 0.6689 0.6353 0.9854 0.9825 0.9837 0.6357 0.9841 0.9854 0.6350 0.6223 0.9831
0.6728 0.7210 0.6722 0.7020 0.6710 0.6700 0.6991 0.6706 1.0000 0.6178 0.6707 0.6740 0.7148 0.6713 0.7178 0.5026 0.6716 0.7004 0.6728 0.6170 0.6167 0.6718 0.6729 0.5014 0.6730 0.5631 0.6704 0.6167 0.6710 0.5554 0.5011 0.6796 0.6713 0.7031 0.7014 0.7181 0.7206 0.6737 0.6724 0.7213 0.5676 0.9843 0.5928 0.5514 0.6722 0.6722 0.6711 0.7021 0.7210 0.7020 0.6716 0.6989 0.6812 0.9741 0.4999 0.6157 0.6707 0.7004 0.6718 0.6710 0.9821 0.6736 0.5939 0.6164 0.6728 0.6687 0.6706 0.6736 0.6727 0.9801 0.6736 0.6732 0.6137 0.6742 0.5518 0.6938 0.6721 0.6995 0.6163 0.5002 0.5422 0.9798 0.5908 0.6180 0.6724 0.6050 0.6694 0.6143 0.7194 0.9746 0.7029 0.6709 0.6730 0.6709 0.7003 0.6700 0.6693 0.6987 0.5016 0.6719
0.6611 0.7182 0.6598 0.5820 0.6583 0.6608 0.5792 0.6599 0.6178 1.0000 0.6607 0.6600 0.7192 0.6614 0.7191 0.5187 0.6602 0.5814 0.6601 0.9801 0.9791 0.6616 0.6592 0.5171 0.6594 0.6602 0.6585 0.9758 0.6598 0.5574 0.5176 0.5915 0.6601 0.5812 0.5784 0.7173 0.7187 0.6618 0.6607 0.7170 0.5849 0.6161 0.5778 0.5395 0.6599 0.6607 0.6597 0.5797 0.7201 0.5782 0.6588 0.5788 0.5962 0.6159 0.5190 0.9738 0.6592 0.5778 0.6584 0.6587 0.6187 0.6612 0.5805 0.9805 0.6602 0.6581 0.6577 0.6610 0.6595 0.6172 0.6600 0.6604 0.9673 0.6614 0.5377 0.6031 0.6594 0.5759 0.9783 0.5171 0.5289 0.6166 0.5764 0.9813 0.6597 0.7114 0.6591 0.9773 0.7169 0.6186 0.5778 0.6606 0.6584 0.6606 0.5781 0.6576 0.6598 0.5790 0.5170 0.6598
0.9820 0.6678 0.9841 0.6374 0.9831 0.9841 0.6360 0.9850 0.6707 0.6607 1.0000 0.9836 0.6656 0.9819 0.6671 0.6253 0.9836 0.6371 0.9825 0.6615 0.6607 0.9842 0.9844 0.6219 0.9808 0.6216 0.9821 0.6569 0.9818 0.6523 0.6237 0.6323 0.9828 0.6381 0.6341 0.6667 0.6680 0.9836 0.9826 0.6679 0.7270 0.6687 0.6388 0.5927 0.9839 0.9819 0.9832 0.6371 0.6698 0.6365 0.9816 0.6357 0.6344 0.6668 0.6242 0.6565 0.9852 0.6342 0.9791 0.9809 0.6707 0.9847 0.6394 0.6593 0.9821 0.9795 0.9837 0.9834 0.9843 0.6689 0.9850 0.9830 0.6528 0.9826 0.5909 0.6409 0.9849 0.6317 0.6564 0.6213 0.5809 0.6686 0.6368 0.6617 0.9840 0.6692 0.9851 0.6565 0.6664 0.6692 0.6349 0.9838 0.9811 0.9819 0.6352 0.9830 0.9836 0.6345 0.6225 0.9825
0.9826 0.6667 0.9847 0.6371 0.9848 0.9815 0.6356 0.9838 0.6740 0.6600 0.9836 1.0000 0.6643 0.9807 0.6660 0.6239 0.9851 0.6367 0.9825 0.6609 0.6599 0.9833 0.9844 0.6203 0.9849 0.6192 0.9828 0.6563 0.9841 0.6526 0.6221 0.6330 0.9835 0.6378 0.6338 0.6655 0.6669 0.9859 0.9823 0.6668 0.7256 0.6719 0.6373 0.5910 0.9849 0.9838 0.9844 0.6368 0.6687 0.6361 0.9854 0.6352 0.6350 0.6698 0.6225 0.6559 0.9844 0.6339 0.9830 0.9811 0.6738 0.9860 0.6378 0.6587 0.9830 0.9822 0.9831 0.9818 0.9863 0.6720 0.9864 0.9857 0.6522 0.9869 0.5894 0.6417 0.9841 0.6313 0.6558 0.6197 0.5795 0.6718 0.6353 0.6610 0.9857 0.6667 0.9818 0.6558 0.6653 0.6721 0.6346 0.9824 0.9835 0.9842 0.6349 0.9841 0.9825 0.6342 0.6211 0.9836
0.6658 0.9757 0.6650 0.6872 0.6636 0.6657 0.6864 0.6646 0.7148 0.7192 0.6656 0.6643 1.0000 0.6669 0.9769 0.5214 0.6646 0.6863 0.6647 0.7178 0.7169 0.6660 0.6639 0.5202 0.6633 0.6677 0.6639 0.7125 0.6639 0.5430 0.5209 0.7001 0.6654 0.6872 0.6871 0.9804 0.9776 0.6659 0.6654 0.9731 0.5675 0.7150 0.5823 0.5437 0.6647 0.6655 0.6642 0.6848 0.9734 0.6847 0.6638 0.6851 0.7036 0.7170 0.5227 0.7124 0.6644 0.6842 0.6624 0.6639 0.7172 0.6656 0.5848 0.7152 0.6652 0.6634 0.6635 0.6659 0.6647 0.7167 0.6653 0.6639 0.7077 0.6656 0.5414 0.7184 0.6646 0.6856 0.7136 0.5196 0.5328 0.7154 0.5803 0.7194 0.6642 0.7207 0.6636 0.7145 0.9758 0.7181 0.6868 0.6653 0.6635 0.6658 0.6846 0.6628 0.6644 0.6866 0.5197 0.6632
0.9810 0.6690 0.9825 0.6390 0.9817 0.9852 0.6377 0.9817 0.6713 0.6614 0.9819 0.9807 0.6669 1.0000 0.6685 0.6289 0.9816 0.6388 0.9817 0.6623 0.6612 0.9842 0.9809 0.6254 0.9774 0.6220 0.9804 0.6576 0.9790 0.6544 0.6273 0.6324 0.9817 0.6396 0.6357 0.6680 0.6693 0.9831 0.9814 0.6691 0.7267 0.6692 0.6393 0.5933 0.9831 0.9801 0.9826 0.6386 0.6712 0.6379 0.9801 0.6374 0.6342 0.6675 0.6279 0.6570 0.9832 0.6358 0.9757 0.9820 0.6714 0.9808 0.6401 0.6600 0.9832 0.9797 0.9821 0.9819 0.9834 0.6694 0.9828 0.9817 0.6533 0.9817 0.5916 0.6412 0.9818 0.6334 0.6569 0.6249 0.5817 0.6692 0.6376 0.6623 0.9820 0.6695 0.9811 0.6571 0.6677 0.6699 0.6365 0.9860 0.9793 0.9837 0.6370 0.9808 0.9824 0.6361 0.6261 0.9804
0.6674 0.9823 0.6666 0.6879 0.6653 0.6673 0.6874 0.6662 0.7178 0.7191 0.6671 0.6660 0.9769 0.6685 1.0000 0.5223 0.6664 0.6870 0.6663 0.7179 0.7171 0.6676 0.6656 0.5210 0.6651 0.6679 0.6656 0.7126 0.6657 0.5442 0.5217 0.7104 0.6671 0.6881 0.6880 0.9802 0.9798 0.6675 0.6671 0.9796 0.5688 0.7179 0.5825 0.5441 0.6663 0.6672 0.6660 0.6854 0.9801 0.6854 0.6655 0.6857 0.7138 0.7200 0.5235 0.7129 0.6660 0.6850 0.6640 0.6654 0.7201 0.6672 0.5849 0.7154 0.6669 0.6651 0.6650 0.6674 0.6663 0.7196 0.6669 0.6655 0.7080 0.6673 0.5420 0.7290 0.6663 0.6863 0.7137 0.5204 0.5334 0.7184 0.5805 0.7195 0.6657 0.7207 0.6653 0.7142 0.9804 0.7210 0.6877 0.6669 0.6653 0.6674 0.6854 0.6645 0.6660 0.6873 0.5206 0.6647
0.6251 0.5233 0.6252 0.5184 0.6249 0.6269 0.5163 0.6251 0.5026 0.5187 0.6253 0.6239 0.5214 0.6289 0.5223 1.0000 0.6257 0.5188 0.6252 0.5177 0.5193 0.6279 0.6250 0.9783 0.6222 0.4887 0.6260 0.5173 0.6227 0.7068 0.9787 0.4670 0.6274 0.5175 0.5154 0.5208 0.5228 0.6255 0.6251 0.5185 0.5343 0.5021 0.5174 0.4829 0.6242 0.6221 0.6254 0.5169 0.5221 0.5154 0.6224 0.5176 0.4694 0.5021 0.9776 0.5144 0.6242 0.5162 0.6217 0.6255 0.5052 0.6260 0.5193 0.5162 0.6283 0.6250 0.6234 0.6243 0.6243 0.5031 0.6249 0.6250 0.5119 0.6234 0.4837 0.4804 0.6244 0.5154 0.5134 0.9774 0.4754 0.5029 0.5173 0.5199 0.6232 0.5203 0.6252 0.5132 0.5209 0.5069 0.5152 0.6272 0.6224 0.6267 0.5166 0.6242 0.6252 0.5161 0.9795 0.6252
0.9820 0.6669 0.9857 0.6374 0.9833 0.9842 0.6360 0.9858 0.6716 0.6602 0.9836 0.9851 0.6646 0.9816 0.6664 0.6257 1.0000 0.6371 0.9849 0.6611 0.6602 0.9834 0.9864 0.6221 0.9834 0.6202 0.9847 0.6565 0.9823 0.6526 0.6240 0.6331 0.9846 0.6382 0.6341 0.6657 0.6672 0.9835 0.9822 0.6670 0.7267 0.6695 0.6381 0.5920 0.9838 0.9821 0.9859 0.6371 0.6690 0.6364 0.9818 0.6357 0.6351 0.6673 0.6245 0.6561 0.9838 0.6343 0.9794 0.9802 0.6715 0.9839 0.6388 0.6588 0.9829 0.9813 0.9831 0.9811 0.9843 0.6696 0.9854 0.9848 0.6524 0.9847 0.5903 0.6416 0.9846 0.6317 0.6559 0.6215 0.5804 0.6694 0.6362 0.6612 0.9834 0.6677 0.9848 0.6560 0.6656 0.6698 0.6350 0.9831 0.9812 0.9844 0.6353 0.9858 0.9837 0.6345 0.6228 0.9844
0.6367 0.6895 0.6376 0.9847 0.6352 0.6374 0.9802 0.6376 0.7004 0.5814 0.6371 0.6367 0.6863 0.6388 0.6870 0.5188 0.6371 1.0000 0.6371 0.5808 0.5809 0.6372 0.6378 0.5176 0.6368 0.5465 0.6374 0.5788 0.6364 0.4994 0.5189 0.6413 0.6387 0.9793 0.9780 0.6898 0.6908 0.6384 0.6374 0.6878 0.5467 0.7026 0.7238 0.6673 0.6376 0.6378 0.6379 0.9826 0.6909 0.9789 0.6377 0.9833 0.6410 0.7028 0.5199 0.5754 0.6382 0.9812 0.6371 0.6387 0.7024 0.6377 0.7264 0.5798 0.6382 0.6377 0.6379 0.6373 0.6372 0.7002 0.6383 0.6376 0.5727 0.6382 0.6651 0.6558 0.6365 0.9750 0.5763 0.5177 0.6557 0.7041 0.7250 0.5814 0.6380 0.5841 0.6370 0.5766 0.6895 0.7063 0.9726 0.6381 0.6385 0.6379 0.9785 0.6370 0.6373 0.9812 0.5180 0.6380
0.9808 0.6670 0.9841 0.6374 0.9824 0.9836 0.6360 0.9818 0.6728 0.6601 0.9825 0.9825 0.6647 0.9817 0.6663 0.6252 0.9849 0.6371 1.0000 0.6610 0.6600 0.9833 0.9839 0.6217 0.9800 0.6201 0.9813 0.6564 0.9805 0.6531 0.6236 0.6313 0.9813 0.6381 0.6341 0.6658 0.6672 0.9816 0.9820 0.6670 0.7254 0.6709 0.6381 0.5918 0.9847 0.9813 0.9840 0.6371 0.6691 0.6364 0.9807 0.6356 0.6334 0.6689 0.6239 0.6558 0.9825 0.6342 0.9773 0.9812 0.6728 0.9835 0.6387 0.6587 0.9813 0.9774 0.9821 0.9808 0.9849 0.6709 0.9848 0.9845 0.6522 0.9819 0.5901 0.6400 0.9852 0.6316 0.6558 0.6211 0.5801 0.6708 0.6362 0.6610 0.9828 0.6680 0.9846 0.6559 0.6656 0.6713 0.6350 0.9807 0.9819 0.9815 0.6352 0.9830 0.9843 0.6344 0.6224 0.9808
0.6620 0.7171 0.6607 0.5813 0.6591 0.6617 0.5786 0.6607 0.6170 0.9801 0.6615 0.6609 0.7178 0.6623 0.7179 0.5177 0.6611 0.5808 0.6610 1.0000 0.9792 0.6625 0.6601 0.5159 0.6602 0.6597 0.6593 0.9756 0.6606 0.5563 0.5166 0.5923 0.6609 0.5806 0.5776 0.7161 0.7175 0.6627 0.6616 0.7160 0.5830 0.6152 0.5779 0.5393 0.6608 0.6616 0.6606 0.5790 0.7192 0.5775 0.6597 0.5781 0.5971 0.6151 0.5179 0.9738 0.6600 0.5773 0.6592 0.6595 0.6179 0.6619 0.5807 0.9828 0.6609 0.6591 0.6587 0.6619 0.6604 0.6163 0.6608 0.6613 0.9652 0.6622 0.5376 0.6036 0.6602 0.5752 0.9757 0.5161 0.5285 0.6157 0.5765 0.9828 0.6606 0.7114 0.6599 0.9777 0.7160 0.6178 0.5772 0.6615 0.6593 0.6615 0.5774 0.6585 0.6607 0.5783 0.5159 0.6606
0.6611 0.7161 0.6598 0.5815 0.6582 0.6608 0.5787 0.6598 0.6167 0.9791 0.6607 0.6599 0.7169 0.6612 0.7171 0.5193 0.6602 0.5809 0.6600 0.9792 1.0000 0.6616 0.6592 0.5176 0.6592 0.6583 0.6585 0.9783 0.6597 0.5588 0.5183 0.5913 0.6601 0.5806 0.5777 0.7150 0.7167 0.6618 0.6607 0.7150 0.5841 0.6149 0.5780 0.5390 0.6598 0.6606 0.6597 0.5791 0.7181 0.5776 0.6587 0.5782 0.5960 0.6148 0.5195 0.9772 0.6591 0.5774 0.6583 0.6585 0.6176 0.6611 0.5808 0.9811 0.6601 0.6581 0.6577 0.6610 0.6594 0.6160 0.6599 0.6604 0.9689 0.6613 0.5373 0.6028 0.6592 0.5753 0.9783 0.5177 0.5282 0.6154 0.5766 0.9816 0.6596 0.7102 0.6590 0.9765 0.7149 0.6175 0.5773 0.6606 0.6584 0.6606 0.5775 0.6575 0.6597 0.5784 0.5176 0.6598
0.9808 0.6682 0.9840 0.6374 0.9824 0.9851 0.6360 0.9833 0.6718 0.6616 0.9842 0.9833 0.6660 0.9842 0.6676 0.6279 0.9834 0.6372 0.9833 0.6625 0.6616 1.0000 0.9842 0.6244 0.9796 0.6219 0.9838 0.6580 0.9804 0.6552 0.6262 0.6323 0.9822 0.6381 0.6341 0.6670 0.6684 0.9842 0.9805 0.6682 0.7260 0.6698 0.6387 0.5925 0.9833 0.9799 0.9837 0.6370 0.6702 0.6363 0.9784 0.6356 0.6344 0.6678 0.6267 0.6574 0.9836 0.6341 0.9770 0.9790 0.6717 0.9843 0.6395 0.6603 0.9834 0.9806 0.9819 0.9823 0.9854 0.6700 0.9834 0.9820 0.6538 0.9820 0.5908 0.6413 0.9833 0.6317 0.6573 0.6238 0.5808 0.6696 0.6368 0.6627 0.9820 0.6698 0.9821 0.6575 0.6668 0.6703 0.6349 0.9841 0.9796 0.9857 0.6351 0.9815 0.9835 0.6345 0.6252 0.9833
0.9818 0.6663 0.9855 0.6380 0.9823 0.9826 0.6366 0.9845 0.6729 0.6592 0.9844 0.9844 0.6639 0.9809 0.6656 0.6250 0.9864 0.6378 0.9839 0.6601 0.6592 0.9842 1.0000 0.6215 0.9841 0.6203 0.9832 0.6555 0.9815 0.6515 0.6234 0.6327 0.9828 0.6388 0.6347 0.6651 0.6666 0.9847 0.9815 0.6663 0.7272 0.6708 0.6390 0.5932 0.9845 0.9816 0.9842 0.6378 0.6684 0.6372 0.9816 0.6363 0.6347 0.6686 0.6237 0.6551 0.9837 0.6349 0.9806 0.9822 0.6727 0.9842 0.6395 0.6579 0.9831 0.9822 0.9848 0.9812 0.9850 0.6708 0.9861 0.9845 0.6514 0.9833 0.5914 0.6414 0.9831 0.6323 0.6550 0.6209 0.5816 0.6706 0.6371 0.6602 0.9843 0.6673 0.9830 0.6551 0.6650 0.6711 0.6356 0.9841 0.9834 0.9840 0.6359 0.9845 0.9828 0.6351 0.6222 0.9851
0.6217 0.5221 0.6218 0.5171 0.6214 0.6235 0.5150 0.6217 0.5014 0.5171 0.6219 0.6203 0.5202 0.6254 0.5210 0.9783 0.6221 0.5176 0.6217 0.5159 0.5176 0.6244 0.6215 1.0000 0.6187 0.4879 0.6225 0.5157 0.6191 0.7042 0.9799 0.4636 0.6239 0.5162 0.5142 0.5196 0.5216 0.6220 0.6217 0.5172 0.5317 0.5008 0.5165 0.4821 0.6207 0.6186 0.6220 0.5157 0.5208 0.5142 0.6188 0.5164 0.4660 0.5010 0.9791 0.5128 0.6208 0.5150 0.6182 0.6220 0.5040 0.6226 0.5184 0.5145 0.6249 0.6213 0.6200 0.6209 0.6208 0.5017 0.6214 0.6215 0.5103 0.6200 0.4830 0.4770 0.6209 0.5144 0.5117 0.9805 0.4746 0.5017 0.5164 0.5183 0.6197 0.5194 0.6218 0.5115 0.5197 0.5058 0.5141 0.6237 0.6188 0.6232 0.5154 0.6207 0.6217 0.5149 0.9777 0.6217
0.9821 0.6657 0.9816 0.6370 0.9814 0.9795 0.6356 0.9843 0.6730 0.6594 0.9808 0.9849 0.6633 0.9774 0.6651 0.6222 0.9834 0.6368 0.9800 0.6602 0.6592 0.9796 0.9841 0.6187 1.0000 0.6191 0.9812 0.6556 0.9839 0.6500 0.6205 0.6324 0.9831 0.6378 0.6338 0.6646 0.6661 0.9832 0.9826 0.6657 0.7253 0.6708 0.6385 0.5918 0.9822 0.9843 0.9811 0.6368 0.6678 0.6362 0.9845 0.6352 0.6344 0.6686 0.6209 0.6551 0.9836 0.6338 0.9840 0.9814 0.6727 0.9833 0.6391 0.6579 0.9840 0.9816 0.9832 0.9812 0.9821 0.6708 0.9833 0.9853 0.6514 0.9847 0.5900 0.6409 0.9819 0.6311 0.6551 0.6179 0.5801 0.6707 0.6366 0.6603 0.9837 0.6671 0.9813 0.6551 0.6643 0.6710 0.6345 0.9809 0.9832 0.9807 0.6349 0.9825 0.9816 0.6341 0.6194 0.9837
0.6221 0.6656 0.6203 0.5467 0.6197 0.6213 0.5448 0.6197 0.5631 0.6602 0.6216 0.6192 0.6677 0.6220 0.6679 0.4887 0.6202 0.5465 0.6201 0.6597 0.6583 0.6219 0.6203 0.4879 0.6191 1.0000 0.6205 0.6548 0.6197 0.5072 0.4885 0.5552 0.6209 0.5463 0.5440 0.6664 0.6661 0.6221 0.6218 0.6650 0.6138 0.5625 0.6601 0.6909 0.6201 0.6198 0.6197 0.5447 0.6672 0.5441 0.6185 0.5441 0.5599 0.5632 0.4898 0.6550 0.6196 0.5429 0.6187 0.6194 0.5653 0.6212 0.6579 0.6573 0.6207 0.6187 0.6190 0.6207 0.6202 0.5637 0.6204 0.6201 0.6510 0.6207 0.6901 0.5659 0.6208 0.5419 0.6551 0.4874 0.6840 0.5625 0.6569 0.6597 0.6187 0.8623 0.6196 0.6566 0.6659 0.5644 0.5433 0.6204 0.6195 0.6211 0.5433 0.6188 0.6207 0.5444 0.4874 0.6187
0.9801 0.6661 0.9847 0.6377 0.9821 0.9842 0.6363 0.9840 0.6704 0.6585 0.9821 0.9828 0.6639 0.9804 0.6656 0.6260 0.9847 0.6374 0.9813 0.6593 0.6585 0.9838 0.9832 0.6225 0.9812 0.6205 1.0000 0.6548 0.9821 0.6512 0.6243 0.6324 0.9820 0.6383 0.6343 0.6650 0.6664 0.9829 0.9816 0.6661 0.7272 0.6683 0.6392 0.5931 0.9818 0.9801 0.9849 0.6374 0.6682 0.6366 0.9808 0.6359 0.6343 0.6661 0.6248 0.6543 0.9837 0.6344 0.9787 0.9785 0.6701 0.9843 0.6398 0.6571 0.9822 0.9816 0.9829 0.9792 0.9843 0.6682 0.9836 0.9821 0.6506 0.9818 0.5913 0.6411 0.9831 0.6319 0.6541 0.6219 0.5815 0.6681 0.6372 0.6595 0.9814 0.6679 0.9822 0.6543 0.6647 0.6687 0.6352 0.9821 0.9807 0.9841 0.6354 0.9839 0.9830 0.6347 0.6232 0.9822
0.6574 0.7120 0.6561 0.5794 0.6544 0.6570 0.5765 0.6562 0.6167 0.9758 0.6569 0.6563 0.7125 0.6576 0.7126 0.5173 0.6565 0.5788 0.6564 0.9756 0.9783 0.6580 0.6555 0.5157 0.6556 0.6548 0.6548 1.0000 0.6559 0.5589 0.5162 0.5871 0.6564 0.5786 0.5757 0.7107 0.7124 0.6582 0.6570 0.7106 0.5828 0.6150 0.5758 0.5371 0.6562 0.6569 0.6560 0.5770 0.7139 0.5754 0.6551 0.5760 0.5919 0.6148 0.5174 0.9772 0.6554 0.5753 0.6547 0.6548 0.6176 0.6575 0.5787 0.9790 0.6565 0.6545 0.6540 0.6573 0.6557 0.6160 0.6562 0.6568 0.9751 0.6577 0.5355 0.5989 0.6555 0.5732 0.9786 0.5158 0.5264 0.6155 0.5745 0.9765 0.6559 0.7060 0.6553 0.9776 0.7106 0.6176 0.5752 0.6569 0.6547 0.6570 0.5754 0.6539 0.6560 0.5762 0.5157 0.6561
0.9790 0.6662 0.9830 0.6367 0.9832 0.9811 0.6353 0.9836 0.6710 0.6598 0.9818 0.9841 0.6639 0.9790 0.6657 0.6227 0.9823 0.6364 0.9805 0.6606 0.6597 0.9804 0.9815 0.6191 0.9839 0.6197 0.9821 0.6559 1.0000 0.6496 0.6209 0.6329 0.9811 0.6373 0.6333 0.6651 0.6665 0.9821 0.9826 0.6664 0.7265 0.6688 0.6376 0.5914 0.9827 0.9837 0.9831 0.6364 0.6683 0.6356 0.9830 0.6349 0.6348 0.6667 0.6214 0.6555 0.9845 0.6334 0.9825 0.9810 0.6707 0.9839 0.6382 0.6583 0.9797 0.9804 0.9818 0.9815 0.9829 0.6690 0.9827 0.9817 0.6518 0.9838 0.5896 0.6413 0.9821 0.6308 0.6554 0.6184 0.5798 0.6688 0.6357 0.6607 0.9839 0.6672 0.9811 0.6555 0.6648 0.6690 0.6341 0.9817 0.9831 0.9815 0.6343 0.9838 0.9817 0.6337 0.6198 0.9816
0.6534 0.5458 0.6517 0.4996 0.6527 0.6527 0.4963 0.6508 0.5554 0.5574 0.6523 0.6526 0.5430 0.6544 0.5442 0.7068 0.6526 0.4994 0.6531 0.5563 0.5588 0.6552 0.6515 0.7042 0.6500 0.5072 0.6512 0.5589 0.6496 1.0000 0.7021 0.4912 0.6529 0.4994 0.4969 0.5425 0.5443 0.6529 0.6525 0.5424 0.5515 0.5540 0.4984 0.4646 0.6512 0.6491 0.6511 0.4980 0.5439 0.4967 0.6486 0.4975 0.4949 0.5548 0.7010 0.5573 0.6497 0.4972 0.6479 0.6509 0.5584 0.6540 0.5005 0.5552 0.6551 0.6495 0.6485 0.6523 0.6514 0.5567 0.6518 0.6524 0.5571 0.6514 0.4664 0.5034 0.6518 0.4963 0.5567 0.7049 0.4571 0.5550 0.4972 0.5584 0.6498 0.5419 0.6510 0.5537 0.5432 0.5588 0.4971 0.6529 0.6488 0.6528 0.4972 0.6499 0.6510 0.4969 0.7040 0.6508
0.6235 0.5227 0.6236 0.5184 0.6233 0.6254 0.5164 0.6236 0.5011 0.5176 0.6237 0.6221 0.5209 0.6273 0.5217 0.9787 0.6240 0.5189 0.6236 0.5166 0.5183 0.6262 0.6234 0.9799 0.6205 0.4885 0.6243 0.5162 0.6209 0.7021 1.0000 0.4646 0.6258 0.5175 0.5155 0.5203 0.5223 0.6238 0.6235 0.5178 0.5331 0.5005 0.5178 0.4832 0.6226 0.6205 0.6237 0.5169 0.5216 0.5155 0.6207 0.5177 0.4669 0.5008 0.9782 0.5133 0.6226 0.5163 0.6202 0.6239 0.5038 0.6243 0.5196 0.5151 0.6267 0.6233 0.6218 0.6227 0.6227 0.5015 0.6232 0.6234 0.5107 0.6218 0.4839 0.4780 0.6227 0.5156 0.5122 0.9758 0.4756 0.5015 0.5176 0.5189 0.6216 0.5200 0.6236 0.5122 0.5204 0.5056 0.5153 0.6256 0.6208 0.6250 0.5167 0.6225 0.6236 0.5162 0.9756 0.6236
0.6303 0.7058 0.6323 0.6416 0.6319 0.6310 0.6428 0.6304 0.6796 0.5915 0.6323 0.6330 0.7001 0.6324 0.7104 0.4670 0.6331 0.6413 0.6313 0.5923 0.5913 0.6323 0.6327 0.4636 0.6324 0.5552 0.6324 0.5871 0.6329 0.4912 0.4646 1.0000 0.6325 0.6453 0.6412 0.7047 0.7055 0.6330 0.6312 0.7088 0.5422 0.6783 0.5467 0.5094 0.6313 0.6320 0.6328 0.6411 0.7070 0.6424 0.6318 0.6419 0.9776 0.6773 0.4668 0.5921 0.6313 0.6414 0.6308 0.6315 0.6778 0.6316 0.5474 0.5898 0.6312 0.6303 0.6304 0.6302 0.6318 0.6782 0.6329 0.6306 0.5881 0.6332 0.5077 0.9554 0.6317 0.6409 0.5901 0.4635 0.5000 0.6768 0.5445 0.5934 0.6320 0.5935 0.6299 0.5861 0.7080 0.6765 0.6444 0.6320 0.6323 0.6330 0.6425 0.6317 0.6302 0.6420 0.4652 0.6318
0.9819 0.6678 0.9835 0.6389 0.9838 0.9845 0.6376 0.9843 0.6713 0.6601 0.9828 0.9835 0.6654 0.9817 0.6671 0.6274 0.9846 0.6387 0.9813 0.6609 0.6601 0.9822 0.9828 0.6239 0.9831 0.6209 0.9820 0.6564 0.9811 0.6529 0.6258 0.6325 1.0000 0.6397 0.6357 0.6665 0.6681 0.9834 0.9829 0.6677 0.7261 0.6692 0.6397 0.5934 0.9835 0.9816 0.9832 0.6387 0.6698 0.6379 0.9824 0.6372 0.6345 0.6672 0.6262 0.6558 0.9846 0.6358 0.9807 0.9805 0.6712 0.9833 0.6404 0.6586 0.9846 0.9815 0.9824 0.9819 0.9842 0.6694 0.9845 0.9855 0.6521 0.9833 0.5916 0.6414 0.9839 0.6333 0.6557 0.6233 0.5818 0.6692 0.6379 0.6611 0.9828 0.6686 0.9834 0.6558 0.6664 0.6696 0.6364 0.9836 0.9800 0.9842 0.6369 0.9841 0.9842 0.6361 0.6246 0.9824
0.6377 0.6907 0.6385 0.9826 0.6362 0.6383 0.9830 0.6386 0.7031 0.5812 0.6381 0.6378 0.6872 0.6396 0.6881 0.5175 0.6382 0.9793 0.6381 0.5806 0.5806 0.6381 0.6388 0.5162 0.6378 0.5463 0.6383 0.5786 0.6373 0.4994 0.5175 0.6453 0.6397 1.0000 0.9796 0.6910 0.6920 0.6393 0.6384 0.6891 0.5478 0.7053 0.7221 0.6660 0.6385 0.6387 0.6388 0.9801 0.6919 0.9803 0.6387 0.9773 0.6449 0.7054 0.5186 0.5754 0.6391 0.9793 0.6381 0.6396 0.7051 0.6386 0.7245 0.5797 0.6392 0.6387 0.6388 0.6382 0.6382 0.7030 0.6393 0.6387 0.5726 0.6393 0.6638 0.6598 0.6376 0.9724 0.5762 0.5163 0.6545 0.7069 0.7228 0.5811 0.6390 0.5837 0.6381 0.5763 0.6908 0.7088 0.9779 0.6390 0.6394 0.6390 0.9787 0.6381 0.6382 0.9782 0.5167 0.6389
0.6337 0.6905 0.6345 0.9786 0.6322 0.6344 0.9805 0.6346 0.7014 0.5784 0.6341 0.6338 0.6871 0.6357 0.6880 0.5154 0.6341 0.9780 0.6341 0.5776 0.5777 0.6341 0.6347 0.5142 0.6338 0.5440 0.6343 0.5757 0.6333 0.4969 0.5155 0.6412 0.6357 0.9796 1.0000 0.6910 0.6919 0.6353 0.6345 0.6890 0.5449 0.7038 0.7182 0.6629 0.6345 0.6348 0.6348 0.9785 0.6917 0.9781 0.6348 0.9777 0.6405 0.7043 0.5165 0.5724 0.6352 0.9799 0.6342 0.6357 0.7035 0.6347 0.7206 0.5768 0.6352 0.6347 0.6349 0.6343 0.6341 0.7016 0.6354 0.6347 0.5697 0.6352 0.6608 0.6559 0.6335 0.9783 0.5733 0.5142 0.6517 0.7056 0.7191 0.5782 0.6350 0.5810 0.6341 0.5737 0.6907 0.7075 0.9790 0.6351 0.6355 0.6349 0.9773 0.6341 0.6342 0.9798 0.5146 0.6349
0.6669 0.9826 0.6661 0.6908 0.6648 0.6668 0.6903 0.6658 0.7181 0.7173 0.6667 0.6655 0.9804 0.6680 0.9802 0.5208 0.6657 0.6898 0.6658 0.7161 0.7150 0.6670 0.6651 0.5196 0.6646 0.6664 0.6650 0.7107 0.6651 0.5425 0.5203 0.7047 0.6665 0.6910 0.6910 1.0000 0.9846 0.6670 0.6666 0.9814 0.5685 0.7182 0.5837 0.5451 0.6658 0.6667 0.6654 0.6885 0.9811 0.6885 0.6651 0.6888 0.7080 0.7204 0.5220 0.7107 0.6656 0.6881 0.6635 0.6651 0.7204 0.6666 0.5861 0.7135 0.6664 0.6646 0.6646 0.6669 0.6658 0.7199 0.6664 0.6650 0.7060 0.6667 0.5429 0.7231 0.6657 0.6895 0.7116 0.5190 0.5342 0.7189 0.5817 0.7176 0.6653 0.7192 0.6647 0.7126 0.9815 0.7214 0.6908 0.6665 0.6648 0.6668 0.6883 0.6639 0.6655 0.6904 0.5191 0.6643
0.6683 0.9825 0.6675 0.6918 0.6661 0.6682 0.6912 0.6672 0.7206 0.7187 0.6680 0.6669 0.9776 0.6693 0.9798 0.5228 0.6672 0.6908 0.6672 0.7175 0.7167 0.6684 0.6666 0.5216 0.6661 0.6661 0.6664 0.7124 0.6665 0.5443 0.5223 0.7055 0.6681 0.6920 0.6919 0.9846 1.0000 0.6685 0.6681 0.9811 0.5685 0.7207 0.5848 0.5456 0.6672 0.6682 0.6668 0.6894 0.9814 0.6894 0.6666 0.6897 0.7089 0.7228 0.5240 0.7123 0.6670 0.6890 0.6651 0.6664 0.7227 0.6681 0.5873 0.7151 0.6678 0.6661 0.6660 0.6684 0.6671 0.7223 0.6678 0.6665 0.7076 0.6682 0.5434 0.7245 0.6671 0.6904 0.7132 0.5209 0.5347 0.7213 0.5829 0.7192 0.6667 0.7197 0.6662 0.7140 0.9819 0.7238 0.6916 0.6679 0.6662 0.6682 0.6893 0.6654 0.6669 0.6913 0.5211 0.6658
0.9838 0.6682 0.9855 0.6386 0.9815 0.9818 0.6372 0.9835 0.6737 0.6618 0.9836 0.9859 0.6659 0.9831 0.6675 0.6255 0.9835 0.6384 0.9816 0.6627 0.6618 0.9842 0.9847 0.6220 0.9832 0.6221 0.9829 0.6582 0.9821 0.6529 0.6238 0.6330 0.9834 0.6393 0.6353 0.6670 0.6685 1.0000 0.9841 0.6682 0.7261 0.6716 0.6403 0.5940 0.9855 0.9836 0.9825 0.6383 0.6703 0.6376 0.9824 0.6369 0.6352 0.6696 0.6243 0.6576 0.9845 0.6355 0.9817 0.9796 0.6736 0.9850 0.6409 0.6605 0.9841 0.9830 0.9829 0.9830 0.9849 0.6717 0.9851 0.9860 0.6539 0.9858 0.5922 0.6418 0.9826 0.6330 0.6575 0.6214 0.5823 0.6714 0.6384 0.6628 0.9840 0.6698 0.9806 0.6577 0.6668 0.6720 0.6362 0.9848 0.9822 0.9855 0.6365 0.9826 0.9832 0.6357 0.6226 0.9833
0.9841 0.6678 0.9835 0.6377 0.9820 0.9839 0.6364 0.9837 0.6724 0.6607 0.9826 0.9823 0.6654 0.9814 0.6671 0.6251 0.9822 0.6374 0.9820 0.6616 0.6607 0.9805 0.9815 0.6217 0.9826 0.6218 0.9816 0.6570 0.9826 0.6525 0.6235 0.6312 0.9829 0.6384 0.6345 0.6666 0.6681 0.9841 1.0000 0.6679 0.7271 0.6704 0.6389 0.5933 0.9830 0.9836 0.9822 0.6374 0.6698 0.6368 0.9828 0.6360 0.6333 0.6685 0.6239 0.6564 0.9845 0.6345 0.9804 0.9788 0.6725 0.9842 0.6395 0.6593 0.9833 0.9801 0.9820 0.9834 0.9835 0.6706 0.9833 0.9847 0.6528 0.9849 0.5915 0.6398 0.9822 0.6321 0.6563 0.6210 0.5818 0.6704 0.6370 0.6616 0.9830 0.6689 0.9817 0.6565 0.6663 0.6708 0.6353 0.9824 0.9820 0.9814 0.6356 0.9835 0.9826 0.6347 0.6223 0.9811
0.6682 0.9812 0.6673 0.6888 0.6660 0.6679 0.6883 0.6669 0.7213 0.7170 0.6679 0.6668 0.9731 0.6691 0.9796 0.5185 0.6670 0.6878 0.6670 0.7160 0.7150 0.6682 0.6663 0.5172 0.6657 0.6650 0.6661 0.7106 0.6664 0.5424 0.5178 0.7088 0.6677 0.6891 0.6890 0.9814 0.9811 0.6682 0.6679 1.0000 0.5685 0.7213 0.5816 0.5430 0.6670 0.6681 0.6666 0.6865 0.9825 0.6866 0.6664 0.6868 0.7121 0.7235 0.5195 0.7109 0.6667 0.6862 0.6647 0.6661 0.7235 0.6678 0.5840 0.7135 0.6675 0.6657 0.6658 0.6682 0.6670 0.7231 0.6677 0.6663 0.7061 0.6681 0.5408 0.7271 0.6669 0.6877 0.7115 0.5165 0.5321 0.7218 0.5796 0.7175 0.6665 0.7181 0.6659 0.7121 0.9828 0.7244 0.6889 0.6676 0.6659 0.6679 0.6865 0.6652 0.6667 0.6884 0.5167 0.6655
0.7269 0.5684 0.7261 0.5469 0.7266 0.7267 0.5465 0.7263 0.5676 0.5849 0.7270 0.7256 0.5675 0.7267 0.5688 0.5343 0.7267 0.5467 0.7254 0.5830 0.5841 0.7260 0.7272 0.5317 0.7253 0.6138 0.7272 0.5828 0.7265 0.5515 0.5331 0.5422 0.7261 0.5478 0.5449 0.5685 0.5685 0.7261 0.7271 0.5685 1.0000 0.5665 0.5710 0.5876 0.7260 0.7258 0.7260 0.5470 0.5704 0.5463 0.7259 0.5458 0.5427 0.5655 0.5332 0.5836 0.7260 0.5440 0.7259 0.7263 0.5683 0.7260 0.5677 0.5838 0.7254 0.7259 0.7267 0.7259 0.7267 0.5670 0.7264 0.7262 0.5845 0.7261 0.5869 0.5478 0.7263 0.5429 0.5827 0.5313 0.5848 0.5664 0.5694 0.5847 0.7251 0.5950 0.7271 0.5834 0.5680 0.5663 0.5449 0.7267 0.7260 0.7269 0.5454 0.7266 0.7272 0.5445 0.5320 0.7259
0.6708 0.7211 0.6701 0.7041 0.6688 0.6679 0.7014 0.6685 0.9843 0.6161 0.6687 0.6719 0.7150 0.6692 0.7179 0.5021 0.6695 0.7026 0.6709 0.6152 0.6149 0.6698 0.6708 0.5008 0.6708 0.5625 0.6683 0.6150 0.6688 0.5540 0.5005 0.6783 0.6692 0.7053 0.7038 0.7182 0.7207 0.6716 0.6704 0.7213 0.5665 1.0000 0.5932 0.5521 0.6701 0.6700 0.6690 0.7042 0.7211 0.7043 0.6694 0.7011 0.6799 0.9782 0.4993 0.6138 0.6686 0.7027 0.6696 0.6689 0.9830 0.6715 0.5943 0.6146 0.6708 0.6668 0.6686 0.6714 0.6707 0.9832 0.6715 0.6710 0.6119 0.6720 0.5525 0.6927 0.6700 0.7019 0.6145 0.4996 0.5431 0.9840 0.5913 0.6162 0.6703 0.6040 0.6674 0.6127 0.7196 0.9791 0.7053 0.6687 0.6711 0.6689 0.7025 0.6679 0.6673 0.7009 0.5010 0.6696
0.6386 0.5834 0.6384 0.7233 0.6363 0.6386 0.7207 0.6386 0.5928 0.5778 0.6388 0.6373 0.5823 0.6393 0.5825 0.5174 0.6381 0.7238 0.6381 0.5779 0.5780 0.6387 0.6390 0.5165 0.6385 0.6601 0.6392 0.5758 0.6376 0.4984 0.5178 0.5467 0.6397 0.7221 0.7182 0.5837 0.5848 0.6403 0.6389 0.5816 0.5710 0.5932 1.0000 0.8577 0.6383 0.6380 0.6387 0.7229 0.5854 0.7218 0.6379 0.7215 0.5489 0.5922 0.5186 0.5725 0.6393 0.7206 0.6390 0.6394 0.5943 0.6393 0.9812 0.5766 0.6395 0.6387 0.6386 0.6381 0.6378 0.5915 0.6391 0.6393 0.5697 0.6389 0.8529 0.5566 0.6381 0.7161 0.5732 0.5166 0.8298 0.5941 0.9809 0.5775 0.6385 0.6898 0.6383 0.5734 0.5831 0.5961 0.7177 0.6387 0.6398 0.6386 0.7200 0.6384 0.6388 0.7201 0.5169 0.6393
0.5927 0.5444 0.5923 0.6669 0.5906 0.5924 0.6647 0.5920 0.5514 0.5395 0.5927 0.5910 0.5437 0.5933 0.5441 0.4829 0.5920 0.6673 0.5918 0.5393 0.5390 0.5925 0.5932 0.4821 0.5918 0.6909 0.5931 0.5371 0.5914 0.4646 0.4832 0.5094 0.5934 0.6660 0.6629 0.5451 0.5456 0.5940 0.5933 0.5430 0.5876 0.5521 0.8577 1.0000 0.5922 0.5917 0.5924 0.6663 0.5464 0.6654 0.5917 0.6652 0.5115 0.5518 0.4838 0.5342 0.5926 0.6643 0.5926 0.5931 0.5534 0.5928 0.8498 0.5383 0.5930 0.5923 0.5926 0.5919 0.5920 0.5507 0.5928 0.5931 0.5317 0.5927 0.9754 0.5185 0.5921 0.6613 0.5346 0.4822 0.9342 0.5528 0.8567 0.5387 0.5919 0.6620 0.5922 0.5354 0.5446 0.5546 0.6620 0.5926 0.5934 0.5927 0.6643 0.5922 0.5928 0.6640 0.4824 0.5926
0.9830 0.6669 0.9848 0.6378 0.9836 0.9826 0.6365 0.9843 0.6722 0.6599 0.9839 0.9849 0.6647 0.9831 0.6663 0.6242 0.9838 0.6376 0.9847 0.6608 0.6598 0.9833 0.9845 0.6207 0.9822 0.6201 0.9818 0.6562 0.9827 0.6512 0.6226 0.6313 0.9835 0.6385 0.6345 0.6658 0.6672 0.9855 0.9830 0.6670 0.7260 0.6701 0.6383 0.5922 1.0000 0.9844 0.9847 0.6376 0.6691 0.6369 0.9832 0.6361 0.6334 0.6682 0.6230 0.6555 0.9843 0.6347 0.9802 0.9818 0.6721 0.9836 0.6390 0.6585 0.9823 0.9822 0.9853 0.9829 0.9876 0.6702 0.9854 0.9859 0.6520 0.9846 0.5905 0.6402 0.9845 0.6322 0.6555 0.6201 0.5805 0.6701 0.6364 0.6608 0.9850 0.6676 0.9834 0.6557 0.6655 0.6705 0.6354 0.9840 0.9841 0.9849 0.6358 0.9832 0.9843 0.6349 0.6214 0.9824
0.9834 0.6679 0.9835 0.6381 0.9822 0.9815 0.6368 0.9843 0.6722 0.6607 0.9819 0.9838 0.6655 0.9801 0.6672 0.6221 0.9821 0.6378 0.9813 0.6616 0.6606 0.9799 0.9816 0.6186 0.9843 0.6198 0.9801 0.6569 0.9837 0.6491 0.6205 0.6320 0.9816 0.6387 0.6348 0.6667 0.6682 0.9836 0.9836 0.6681 0.7258 0.6700 0.6380 0.5917 0.9844 1.0000 0.9818 0.6378 0.6701 0.6372 0.9849 0.6363 0.6340 0.6680 0.6210 0.6564 0.9854 0.6350 0.9831 0.9799 0.6720 0.9828 0.6385 0.6593 0.9810 0.9824 0.9850 0.9823 0.9839 0.6702 0.9836 0.9854 0.6527 0.9862 0.5899 0.6405 0.9830 0.6324 0.6563 0.6179 0.5799 0.6699 0.6361 0.6617 0.9846 0.6677 0.9827 0.6565 0.6664 0.6703 0.6357 0.9821 0.9835 0.9814 0.6360 0.9825 0.9844 0.6352 0.6192 0.9824
0.9795 0.6665 0.9845 0.6381 0.9836 0.9849 0.6367 0.9832 0.6711 0.6597 0.9832 0.9844 0.6642 0.9826 0.6660 0.6254 0.9859 0.6379 0.9840 0.6606 0.6597 0.9837 0.9842 0.6220 0.9811 0.6197 0.9849 0.6560 0.9831 0.6511 0.6237 0.6328 0.9832 0.6388 0.6348 0.6654 0.6668 0.9825 0.9822 0.6666 0.7260 0.6690 0.6387 0.5924 0.9847 0.9818 1.0000 0.6378 0.6687 0.6370 0.9812 0.6363 0.6349 0.6668 0.6243 0.6555 0.9845 0.6349 0.9788 0.9803 0.6709 0.9847 0.6393 0.6583 0.9809 0.9805 0.9834 0.9804 0.9851 0.6689 0.9846 0.9828 0.6518 0.9842 0.5906 0.6416 0.9849 0.6323 0.6553 0.6213 0.5806 0.6688 0.6368 0.6607 0.9849 0.6674 0.9841 0.6554 0.6652 0.6693 0.6356 0.9833 0.9829 0.9847 0.6359 0.9850 0.9825 0.6352 0.6227 0.9832
0.6367 0.6881 0.6375 0.9838 0.6352 0.6374 0.9785 0.6376 0.7021 0.5797 0.6371 0.6368 0.6848 0.6386 0.6854 0.5169 0.6371 0.9826 0.6371 0.5790 0.5791 0.6370 0.6378 0.5157 0.6368 0.5447 0.6374 0.5770 0.6364 0.4980 0.5169 0.6411 0.6387 0.9801 0.9785 0.6885 0.6894 0.6383 0.6374 0.6865 0.5470 0.7042 0.7229 0.6663 0.6376 0.6378 0.6378 1.0000 0.6893 0.9839 0.6377 0.9832 0.6409 0.7042 0.5179 0.5737 0.6382 0.9813 0.6372 0.6388 0.7041 0.6377 0.7253 0.5781 0.6381 0.6377 0.6379 0.6372 0.6371 0.7018 0.6384 0.6377 0.5710 0.6382 0.6642 0.6554 0.6365 0.9733 0.5746 0.5157 0.6547 0.7058 0.7238 0.5796 0.6381 0.5823 0.6371 0.5749 0.6880 0.7077 0.9726 0.6380 0.6385 0.6378 0.9762 0.6371 0.6372 0.9821 0.5160 0.6380
0.6702 0.9838 0.6693 0.6918 0.6680 0.6700 0.6912 0.6689 0.7210 0.7201 0.6698 0.6687 0.9734 0.6712 0.9801 0.5221 0.6690 0.6909 0.6691 0.7192 0.7181 0.6702 0.6684 0.5208 0.6678 0.6672 0.6682 0.7139 0.6683 0.5439 0.5216 0.7070 0.6698 0.6919 0.6917 0.9811 0.9814 0.6703 0.6698 0.9825 0.5704 0.7211 0.5854 0.5464 0.6691 0.6701 0.6687 0.6893 1.0000 0.6894 0.6683 0.6897 0.7105 0.7231 0.5232 0.7139 0.6687 0.6890 0.6667 0.6682 0.7231 0.6697 0.5878 0.7167 0.6696 0.6678 0.6679 0.6702 0.6690 0.7225 0.6697 0.6684 0.7091 0.6700 0.5441 0.7255 0.6690 0.6902 0.7146 0.5202 0.5354 0.7214 0.5834 0.7205 0.6686 0.7209 0.6679 0.7154 0.9813 0.7241 0.6915 0.6697 0.6680 0.6700 0.6893 0.6672 0.6688 0.6912 0.5204 0.6676
0.6361 0.6881 0.6369 0.9796 0.6345 0.6366 0.9797 0.6369 0.7020 0.5782 0.6365 0.6361 0.6847 0.6379 0.6854 0.5154 0.6364 0.9789 0.6364 0.5775 0.5776 0.6363 0.6372 0.5142 0.6362 0.5441 0.6366 0.5754 0.6356 0.4967 0.5155 0.6424 0.6379 0.9803 0.9781 0.6885 0.6894 0.6376 0.6368 0.6866 0.5463 0.7043 0.7218 0.6654 0.6369 0.6372 0.6370 0.9839 0.6894 1.0000 0.6370 0.9808 0.6421 0.7044 0.5164 0.5722 0.6375 0.9807 0.6364 0.6380 0.7040 0.6369 0.7240 0.5766 0.6374 0.6370 0.6373 0.6365 0.6364 0.7020 0.6377 0.6370 0.5695 0.6375 0.6632 0.6563 0.6358 0.9736 0.5731 0.5143 0.6538 0.7058 0.7223 0.5781 0.6374 0.5815 0.6363 0.5733 0.6882 0.7078 0.9766 0.6373 0.6378 0.6371 0.9786 0.6364 0.6366 0.9781 0.5145 0.6373
0.9819 0.6662 0.9831 0.6380 0.9815 0.9804 0.6367 0.9840 0.6716 0.6588 0.9816 0.9854 0.6638 0.9801 0.6655 0.6224 0.9818 0.6377 0.9807 0.6597 0.6587 0.9784 0.9816 0.6188 0.9845 0.6185 0.9808 0.6551 0.9830 0.6486 0.6207 0.6318 0.9824 0.6387 0.6348 0.6651 0.6666 0.9824 0.9828 0.6664 0.7259 0.6694 0.6379 0.5917 0.9832 0.9849 0.9812 0.6377 0.6683 0.6370 1.0000 0.6362 0.6336 0.6674 0.6211 0.6545 0.9862 0.6348 0.9840 0.9820 0.6713 0.9821 0.6385 0.6575 0.9824 0.9817 0.9836 0.9825 0.9833 0.6695 0.9843 0.9844 0.6508 0.9843 0.5899 0.6402 0.9819 0.6322 0.6545 0.6182 0.5801 0.6695 0.6360 0.6598 0.9844 0.6659 0.9819 0.6547 0.6648 0.6697 0.6355 0.9836 0.9819 0.9814 0.6359 0.9829 0.9827 0.6351 0.6195 0.9815
0.6352 0.6884 0.6360 0.9820 0.6337 0.6360 0.9803 0.6361 0.6989 0.5788 0.6357 0.6352 0.6851 0.6374 0.6857 0.5176 0.6357 0.9833 0.6356 0.5781 0.5782 0.6356 0.6363 0.5164 0.6352 0.5441 0.6359 0.5760 0.6349 0.4975 0.5177 0.6419 0.6372 0.9773 0.9777 0.6888 0.6897 0.6369 0.6360 0.6868 0.5458 0.7011 0.7215 0.6652 0.6361 0.6363 0.6363 0.9832 0.6897 0.9808 0.6362 1.0000 0.6415 0.7015 0.5188 0.5727 0.6367 0.9827 0.6355 0.6372 0.7010 0.6361 0.7239 0.5771 0.6367 0.6363 0.6364 0.6357 0.6356 0.6989 0.6368 0.6361 0.5700 0.6367 0.6632 0.6560 0.6350 0.9801 0.5736 0.5165 0.6538 0.7027 0.7226 0.5787 0.6366 0.5817 0.6356 0.5740 0.6884 0.7050 0.9753 0.6366 0.6369 0.6364 0.9808 0.6356 0.6357 0.9842 0.5167 0.6364
0.6323 0.7092 0.6343 0.6414 0.6338 0.6329 0.6421 0.6323 0.6812 0.5962 0.6344 0.6350 0.7036 0.6342 0.7138 0.4694 0.6351 0.6410 0.6334 0.5971 0.5960 0.6344 0.6347 0.4660 0.6344 0.5599 0.6343 0.5919 0.6348 0.4949 0.4669 0.9776 0.6345 0.6449 0.6405 0.7080 0.7089 0.6352 0.6333 0.7121 0.5427 0.6799 0.5489 0.5115 0.6334 0.6340 0.6349 0.6409 0.7105 0.6421 0.6336 0.6415 1.0000 0.6786 0.4690 0.5967 0.6332 0.6410 0.6327 0.6334 0.6795 0.6337 0.5496 0.5944 0.6332 0.6322 0.6324 0.6323 0.6338 0.6797 0.6349 0.6327 0.5926 0.6352 0.5098 0.9526 0.6338 0.6401 0.5948 0.4658 0.5019 0.6781 0.5465 0.5981 0.6341 0.5987 0.6319 0.5907 0.7111 0.6781 0.6437 0.6339 0.6342 0.6350 0.6419 0.6336 0.6323 0.6415 0.4675 0.6339
0.6689 0.7232 0.6681 0.7043 0.6669 0.6660 0.7019 0.6664 0.9741 0.6159 0.6668 0.6698 0.7170 0.6675 0.7200 0.5021 0.6673 0.7028 0.6689 0.6151 0.6148 0.6678 0.6686 0.5010 0.6686 0.5632 0.6661 0.6148 0.6667 0.5548 0.5008 0.6773 0.6672 0.7054 0.7043 0.7204 0.7228 0.6696 0.6685 0.7235 0.5655 0.9782 0.5922 0.5518 0.6682 0.6680 0.6668 0.7042 0.7231 0.7044 0.6674 0.7015 0.6786 1.0000 0.4995 0.6136 0.6666 0.7032 0.6673 0.6667 0.9807 0.6695 0.5935 0.6145 0.6688 0.6646 0.6665 0.6697 0.6687 0.9815 0.6693 0.6689 0.6118 0.6700 0.5523 0.6919 0.6681 0.7028 0.6143 0.4997 0.5427 0.9816 0.5904 0.6161 0.6682 0.6042 0.6653 0.6126 0.7218 0.9834 0.7059 0.6668 0.6689 0.6669 0.7030 0.6657 0.6653 0.7013 0.5011 0.6674
0.6239 0.5244 0.6240 0.5194 0.6237 0.6258 0.5174 0.6241 0.4999 0.5190 0.6242 0.6225 0.5227 0.6279 0.5235 0.9776 0.6245 0.5199 0.6239 0.5179 0.5195 0.6267 0.6237 0.9791 0.6209 0.4898 0.6248 0.5174 0.6214 0.7010 0.9782 0.4668 0.6262 0.5186 0.5165 0.5220 0.5240 0.6243 0.6239 0.5195 0.5332 0.4993 0.5186 0.4838 0.6230 0.6210 0.6243 0.5179 0.5232 0.5164 0.6211 0.5188 0.4690 0.4995 1.0000 0.5145 0.6232 0.5173 0.6204 0.6242 0.5026 0.6247 0.5205 0.5164 0.6272 0.6238 0.6222 0.6231 0.6230 0.5003 0.6236 0.6237 0.5118 0.6222 0.4846 0.4800 0.6232 0.5167 0.5134 0.9778 0.4762 0.5002 0.5186 0.5202 0.6220 0.5216 0.6241 0.5134 0.5221 0.5043 0.5164 0.6260 0.6211 0.6255 0.5178 0.6229 0.6240 0.5173 0.9766 0.6240
0.6568 0.7119 0.6555 0.5760 0.6541 0.6565 0.5733 0.6556 0.6157 0.9738 0.6565 0.6559 0.7124 0.6570 0.7129 0.5144 0.6561 0.5754 0.6558 0.9738 0.9772 0.6574 0.6551 0.5128 0.6551 0.6550 0.6543 0.9772 0.6555 0.5573 0.5133 0.5921 0.6558 0.5754 0.5724 0.7107 0.7123 0.6576 0.6564 0.7109 0.5836 0.6138 0.5725 0.5342 0.6555 0.6564 0.6555 0.5737 0.7139 0.5722 0.6545 0.5727 0.5967 0.6136 0.5145 1.0000 0.6548 0.5720 0.6542 0.6543 0.6164 0.6569 0.5753 0.9785 0.6559 0.6539 0.6534 0.6567 0.6552 0.6148 0.6557 0.6562 0.9794 0.6572 0.5326 0.6034 0.6551 0.5700 0.9826 0.5128 0.5236 0.6141 0.5712 0.9757 0.6554 0.7060 0.6547 0.9763 0.7109 0.6162 0.5719 0.6563 0.6541 0.6564 0.5722 0.6534 0.6554 0.5731 0.5128 0.6557
0.9825 0.6667 0.9858 0.6384 0.9826 0.9845 0.6371 0.9869 0.6707 0.6592 0.9852 0.9844 0.6644 0.9832 0.6660 0.6242 0.9838 0.6382 0.9825 0.6600 0.6591 0.9836 0.9837 0.6208 0.9836 0.6196 0.9837 0.6554 0.9845 0.6497 0.6226 0.6313 0.9846 0.6391 0.6352 0.6656 0.6670 0.9845 0.9845 0.6667 0.7260 0.6686 0.6393 0.5926 0.9843 0.9854 0.9845 0.6382 0.6687 0.6375 0.9862 0.6367 0.6332 0.6666 0.6232 0.6548 1.0000 0.6352 0.9827 0.9826 0.6705 0.9852 0.6399 0.6578 0.9834 0.9840 0.9850 0.9844 0.9843 0.6687 0.9846 0.9849 0.6512 0.9851 0.5908 0.6398 0.9843 0.6327 0.6547 0.6202 0.5810 0.6686 0.6374 0.6601 0.9846 0.6675 0.9847 0.6550 0.6653 0.6689 0.6360 0.9870 0.9827 0.9840 0.6363 0.9854 0.9853 0.6356 0.6214 0.9843
