
Using the parameter settings in the file: 
''1602840759/clumpp.paramfile''

Parameter settings
----------------------- Main parameters -------------------------
DATATYPE = 0
INDFILE = 1602840759/ClumppIndFile
POPFILE = 
OUTFILE = 1602840759/ClumppIndFile.output
MISCFILE = 1602840759/ClumppIndFile.misc
K = 10
C = 48
R = 100
M = 3
W = 0
S = 2
- Additional options for the Greedy and LargeKGreedy algorithms -
GREEDY_OPTION = 2
REPEATS = 2000
PERMUTATIONFILE = 
----------------------- Optional outputs ------------------------
PRINT_PERMUTED_DATA = 1
PERMUTED_DATAFILE = arabid.perm_datafile
PRINT_EVERY_PERM = 0
EVERY_PERMFILE = 
PRINT_RANDOM_INPUTORDER = 0
RANDOM_INPUTORDERFILE = 
----------------------- Advanced options ------------------------
OVERRIDE_WARNINGS = 0
ORDER_BY_RUN = 1


In total, 2000 configurations of runs and clusters will be tested.

Results
------------------------------
The highest value of H' is: 0.71772195531061

The list of permutations of the clusters that produces that
H' value is (runs are listed sequentially on separate rows)

1 2 3 4 5 6 7 8 9 10 
8 3 2 6 10 9 1 7 5 4 
6 9 3 5 2 4 8 7 10 1 
8 6 10 3 9 2 5 4 1 7 
6 7 5 2 9 1 10 8 4 3 
10 6 2 1 7 4 9 3 5 8 
6 1 8 7 4 5 3 2 10 9 
6 5 1 4 3 2 10 7 9 8 
8 2 3 4 1 10 6 9 7 5 
5 9 4 7 1 8 6 2 3 10 
8 4 2 7 1 9 5 10 3 6 
9 2 1 8 10 7 5 3 6 4 
4 3 8 2 1 10 5 7 9 6 
3 1 4 2 10 5 7 6 8 9 
9 6 5 3 8 1 4 10 2 7 
1 7 10 4 2 8 3 6 5 9 
6 5 1 2 4 9 7 3 8 10 
7 10 5 6 2 9 8 1 4 3 
5 6 4 3 2 1 8 9 10 7 
5 4 1 10 8 3 9 6 7 2 
9 8 4 3 2 1 6 5 7 10 
6 5 10 7 3 8 9 1 4 2 
10 5 6 2 4 3 8 1 9 7 
1 5 7 10 9 8 3 2 6 4 
6 1 4 8 10 3 7 2 5 9 
7 5 6 10 2 4 8 9 3 1 
1 5 8 4 2 6 9 10 7 3 
9 1 8 5 10 7 6 3 4 2 
9 3 8 7 10 4 5 1 6 2 
7 1 5 4 6 8 3 2 9 10 
8 5 2 1 6 3 7 9 10 4 
5 4 6 1 2 8 10 3 7 9 
1 8 2 3 10 9 5 7 4 6 
4 2 10 7 6 5 3 1 8 9 
3 4 10 8 9 6 5 2 1 7 
3 8 1 4 7 6 10 9 2 5 
1 4 6 2 8 7 5 10 9 3 
4 3 9 5 1 8 2 7 6 10 
1 10 6 4 8 7 9 2 3 5 
4 5 10 1 9 7 6 8 2 3 
9 3 8 6 4 7 1 10 2 5 
2 8 6 5 4 10 9 3 1 7 
2 5 4 7 3 6 9 8 10 1 
8 10 7 9 4 5 2 6 3 1 
5 6 8 9 4 2 7 3 10 1 
9 2 5 8 3 7 4 6 1 10 
3 2 8 10 9 4 6 1 7 5 
10 4 8 3 5 6 7 2 1 9 
2 9 8 4 3 10 6 1 7 5 
4 10 7 9 8 5 1 2 6 3 
3 4 9 1 10 5 7 6 2 8 
10 2 6 5 9 3 7 1 4 8 
4 6 3 7 1 8 5 9 2 10 
8 4 3 1 7 2 10 9 5 6 
5 9 2 6 3 1 4 8 7 10 
7 9 4 6 3 5 2 8 1 10 
2 7 10 5 6 8 9 3 1 4 
3 5 8 9 7 6 1 4 2 10 
5 10 9 7 6 1 3 4 2 8 
4 2 3 7 6 9 1 5 8 10 
9 7 8 1 10 5 2 3 4 6 
2 8 5 9 4 3 10 7 6 1 
4 7 6 5 3 10 8 2 9 1 
5 3 7 4 6 9 8 10 1 2 
10 8 5 9 7 6 2 1 4 3 
3 2 5 6 1 4 9 10 8 7 
8 6 9 10 5 3 7 2 1 4 
4 3 5 2 9 6 10 1 7 8 
2 5 7 8 1 3 10 4 9 6 
2 3 6 4 10 7 9 1 5 8 
6 5 4 1 10 7 8 2 9 3 
3 9 4 1 10 2 6 7 5 8 
8 5 2 10 7 4 6 1 3 9 
3 5 2 10 1 9 7 4 8 6 
2 3 4 5 10 9 1 8 7 6 
8 9 1 10 2 4 3 7 5 6 
1 6 4 3 2 8 9 5 10 7 
4 8 6 7 5 2 1 9 3 10 
7 4 9 10 5 1 6 3 2 8 
9 4 2 7 1 5 6 10 8 3 
6 2 1 8 5 9 4 7 10 3 
4 2 3 5 1 6 8 7 10 9 
6 10 5 8 7 1 3 2 4 9 
4 6 3 7 2 10 5 9 8 1 
1 7 8 9 6 2 5 3 10 4 
8 5 2 7 3 4 9 10 6 1 
9 6 4 5 2 8 1 10 7 3 
5 1 10 6 3 2 9 4 7 8 
10 7 1 2 8 4 5 6 9 3 
10 2 6 3 1 9 7 5 4 8 
9 5 7 8 10 4 6 2 3 1 
2 1 6 8 3 7 5 4 10 9 
4 7 10 9 1 2 6 3 8 5 
7 4 8 6 2 10 9 1 3 5 
9 2 5 10 4 7 6 8 3 1 
3 1 9 10 2 8 5 6 7 4 
8 6 3 9 1 5 4 10 7 2 
1 8 4 7 5 3 6 9 10 2 
8 9 10 4 5 6 7 1 3 2 
2 10 7 3 9 6 8 4 1 5 

The pairwise G' values for each pair of runs where the clusters
of each run are permuted according to the list of permutations above

1.0000 0.5859 0.6836 0.5925 0.5675 0.6831 0.5864 0.6836 0.4717 0.5654 0.6821 0.6820 0.6167 0.6845 0.6828 0.6827 0.9829 0.5883 0.5857 0.5855 0.7250 0.5528 0.6836 0.6857 0.5548 0.6821 0.4638 0.4753 0.5859 0.6823 0.7280 0.6836 0.5927 0.5118 0.5876 0.6844 0.7247 0.5899 0.5870 0.5649 0.9758 0.6831 0.5867 0.6827 0.5838 0.6838 0.6832 0.7221 0.6830 0.6832 0.6721 0.5887 0.5041 0.5870 0.5658 0.5850 0.9732 0.5877 0.6821 0.5941 0.6815 0.6821 0.5869 0.5884 0.5867 0.5866 0.5858 0.5470 0.5836 0.6815 0.9816 0.6812 0.5855 0.6838 0.6267 0.6837 0.5666 0.5860 0.6821 0.6829 0.6823 0.5885 0.6839 0.6846 0.6832 0.5861 0.7197 0.5866 0.6839 0.6826 0.5844 0.6851 0.5641 0.5890 0.5653 0.6834 0.5676 0.7711 0.5848 0.6841 
0.5859 1.0000 0.6877 0.6567 0.7219 0.6893 0.9858 0.6877 0.5567 0.7214 0.6838 0.6869 0.6786 0.6895 0.6864 0.6904 0.5856 0.9809 0.9836 0.9831 0.5546 0.7164 0.6873 0.6870 0.5239 0.6855 0.5661 0.5613 0.9812 0.6877 0.5955 0.6876 0.5678 0.6137 0.9825 0.6876 0.5548 0.5052 0.9829 0.7197 0.5872 0.6880 0.9818 0.6888 0.9857 0.6853 0.6850 0.5514 0.6855 0.6884 0.7083 0.9791 0.6656 0.9824 0.7202 0.9845 0.5892 0.9818 0.6856 0.6612 0.6888 0.6878 0.9822 0.9812 0.9852 0.9821 0.9860 0.5516 0.9819 0.6860 0.5839 0.6834 0.9821 0.6875 0.6310 0.6863 0.7206 0.9850 0.6859 0.6849 0.6860 0.9830 0.6869 0.6891 0.6863 0.9806 0.5566 0.9817 0.6870 0.6868 0.5020 0.6922 0.7194 0.9816 0.7216 0.6884 0.7208 0.5737 0.9831 0.6894 
0.6836 0.6877 1.0000 0.5311 0.7039 0.9813 0.6893 0.9824 0.5785 0.7023 0.9821 0.9812 0.5526 0.9858 0.9806 0.9812 0.6829 0.6942 0.6886 0.6878 0.6793 0.6851 0.9824 0.9826 0.5677 0.9834 0.5643 0.5808 0.6889 0.9825 0.6812 0.9817 0.6070 0.5065 0.6918 0.9835 0.6833 0.6147 0.6900 0.7026 0.6865 0.9816 0.6886 0.9818 0.6851 0.9847 0.9837 0.6794 0.9846 0.9810 0.5817 0.6928 0.5864 0.6896 0.7022 0.6869 0.6879 0.6908 0.9819 0.5348 0.9801 0.9799 0.6902 0.6916 0.6891 0.6898 0.6890 0.6467 0.6850 0.9799 0.6814 0.9820 0.6885 0.9798 0.8040 0.9835 0.7038 0.6883 0.9823 0.9815 0.9816 0.6916 0.9850 0.9815 0.9824 0.6894 0.6817 0.6896 0.9837 0.9798 0.5991 0.9819 0.7021 0.6919 0.7013 0.9802 0.7046 0.6672 0.6862 0.9776 
0.5925 0.6567 0.5311 1.0000 0.5606 0.5317 0.6573 0.5310 0.4342 0.5580 0.5285 0.5315 0.6936 0.5330 0.5302 0.5330 0.5947 0.6552 0.6569 0.6580 0.5609 0.5586 0.5316 0.5309 0.5986 0.5295 0.4837 0.4375 0.6583 0.5302 0.6005 0.5313 0.6497 0.5674 0.6546 0.5322 0.5575 0.4628 0.6549 0.5588 0.5926 0.5326 0.6572 0.5317 0.6577 0.5305 0.5305 0.5571 0.5300 0.5333 0.7269 0.6549 0.5128 0.6584 0.5590 0.6585 0.5955 0.6573 0.5291 0.9800 0.5322 0.5318 0.6559 0.6578 0.6575 0.6565 0.6554 0.4773 0.6575 0.5311 0.5946 0.5285 0.6557 0.5328 0.5009 0.5310 0.5598 0.6579 0.5307 0.5293 0.5303 0.6579 0.5303 0.5311 0.5308 0.6591 0.5585 0.6554 0.5320 0.5313 0.5708 0.5339 0.5580 0.6565 0.5600 0.5334 0.5589 0.5346 0.6567 0.5337 
0.5675 0.7219 0.7039 0.5606 1.0000 0.7056 0.7222 0.7026 0.6552 0.9811 0.7031 0.7054 0.6171 0.7023 0.7056 0.7049 0.5665 0.7245 0.7225 0.7194 0.6049 0.7193 0.7041 0.7045 0.5216 0.7020 0.5476 0.6587 0.7237 0.7041 0.6080 0.7003 0.5621 0.5631 0.7231 0.7036 0.6068 0.5492 0.7227 0.9813 0.5701 0.7031 0.7226 0.7028 0.7213 0.7015 0.7012 0.6032 0.7026 0.7028 0.6048 0.7247 0.5674 0.7233 0.9822 0.7212 0.5696 0.7217 0.7054 0.5628 0.7034 0.7041 0.7224 0.7240 0.7224 0.7224 0.7213 0.5448 0.7181 0.7059 0.5658 0.7029 0.7213 0.7052 0.6464 0.7050 0.9829 0.7226 0.7039 0.7061 0.7046 0.7230 0.7034 0.7029 0.7044 0.7229 0.5683 0.7252 0.7032 0.7026 0.5097 0.7039 0.9800 0.7241 0.9828 0.7072 0.9829 0.5546 0.7206 0.7060 
0.6831 0.6893 0.9813 0.5317 0.7056 1.0000 0.6910 0.9826 0.5786 0.7041 0.9811 0.9812 0.5537 0.9811 0.9842 0.9812 0.6824 0.6959 0.6901 0.6895 0.6794 0.6861 0.9818 0.9833 0.5698 0.9845 0.5625 0.5809 0.6906 0.9817 0.6794 0.9824 0.6096 0.5079 0.6934 0.9796 0.6833 0.6152 0.6919 0.7043 0.6862 0.9827 0.6904 0.9837 0.6868 0.9818 0.9821 0.6794 0.9827 0.9801 0.5830 0.6946 0.5864 0.6914 0.7040 0.6884 0.6877 0.6924 0.9823 0.5353 0.9814 0.9787 0.6918 0.6933 0.6907 0.6915 0.6906 0.6426 0.6866 0.9817 0.6810 0.9809 0.6901 0.9828 0.8004 0.9817 0.7055 0.6900 0.9811 0.9803 0.9828 0.6932 0.9830 0.9807 0.9825 0.6910 0.6809 0.6914 0.9801 0.9810 0.5992 0.9815 0.7038 0.6936 0.7030 0.9836 0.7063 0.6678 0.6879 0.9806 
0.5864 0.9858 0.6893 0.6573 0.7222 0.6910 1.0000 0.6893 0.5574 0.7218 0.6854 0.6885 0.6777 0.6911 0.6880 0.6921 0.5861 0.9828 0.9820 0.9831 0.5551 0.7179 0.6889 0.6886 0.5255 0.6872 0.5670 0.5620 0.9828 0.6893 0.5957 0.6892 0.5692 0.6133 0.9825 0.6891 0.5553 0.5058 0.9835 0.7200 0.5878 0.6897 0.9831 0.6904 0.9842 0.6869 0.6867 0.5519 0.6872 0.6901 0.7083 0.9797 0.6663 0.9849 0.7206 0.9851 0.5898 0.9824 0.6872 0.6617 0.6904 0.6894 0.9808 0.9827 0.9834 0.9817 0.9845 0.5527 0.9820 0.6877 0.5845 0.6850 0.9823 0.6892 0.6323 0.6879 0.7210 0.9853 0.6875 0.6866 0.6877 0.9845 0.6885 0.6907 0.6879 0.9809 0.5580 0.9821 0.6887 0.6884 0.5034 0.6937 0.7199 0.9817 0.7220 0.6900 0.7211 0.5742 0.9827 0.6911 
0.6836 0.6877 0.9824 0.5310 0.7026 0.9826 0.6893 1.0000 0.5765 0.7011 0.9803 0.9800 0.5520 0.9848 0.9830 0.9798 0.6828 0.6942 0.6885 0.6877 0.6788 0.6839 0.9831 0.9836 0.5681 0.9836 0.5624 0.5789 0.6888 0.9793 0.6795 0.9839 0.6078 0.5060 0.6916 0.9828 0.6826 0.6141 0.6899 0.7012 0.6865 0.9832 0.6886 0.9816 0.6851 0.9846 0.9849 0.6786 0.9815 0.9822 0.5812 0.6928 0.5853 0.6895 0.7008 0.6868 0.6881 0.6907 0.9806 0.5345 0.9787 0.9771 0.6901 0.6916 0.6890 0.6897 0.6889 0.6470 0.6849 0.9781 0.6814 0.9800 0.6884 0.9811 0.8023 0.9858 0.7025 0.6882 0.9822 0.9825 0.9796 0.6915 0.9824 0.9819 0.9848 0.6893 0.6808 0.6895 0.9815 0.9804 0.5990 0.9834 0.7007 0.6918 0.6999 0.9803 0.7031 0.6676 0.6862 0.9793 
0.4717 0.5567 0.5785 0.4342 0.6552 0.5786 0.5574 0.5765 1.0000 0.6533 0.5780 0.5794 0.4850 0.5770 0.5792 0.5785 0.4716 0.5588 0.5565 0.5534 0.5029 0.6060 0.5785 0.5786 0.4844 0.5769 0.6942 0.9785 0.5561 0.5784 0.5076 0.5757 0.4714 0.5063 0.5600 0.5778 0.5054 0.5273 0.5579 0.6555 0.4740 0.5772 0.5573 0.5769 0.5560 0.5761 0.5767 0.5026 0.5777 0.5769 0.4747 0.5591 0.7219 0.5565 0.6542 0.5553 0.4731 0.5552 0.5797 0.4365 0.5779 0.5783 0.5564 0.5588 0.5564 0.5577 0.5565 0.4508 0.5546 0.5799 0.4709 0.5776 0.5555 0.5783 0.5423 0.5783 0.6532 0.5563 0.5779 0.5801 0.5785 0.5579 0.5779 0.5776 0.5779 0.5562 0.5095 0.5571 0.5778 0.5772 0.4742 0.5772 0.6573 0.5582 0.6553 0.5793 0.6546 0.4764 0.5547 0.5788 
0.5654 0.7214 0.7023 0.5580 0.9811 0.7041 0.7218 0.7011 0.6533 1.0000 0.7015 0.7038 0.6154 0.7008 0.7042 0.7032 0.5644 0.7240 0.7222 0.7189 0.6024 0.7196 0.7024 0.7030 0.5194 0.7006 0.5455 0.6570 0.7231 0.7027 0.6062 0.6986 0.5597 0.5619 0.7227 0.7020 0.6044 0.5475 0.7224 0.9816 0.5678 0.7017 0.7222 0.7012 0.7208 0.7000 0.6996 0.6007 0.7010 0.7011 0.6035 0.7244 0.5655 0.7228 0.9845 0.7208 0.5674 0.7213 0.7040 0.5602 0.7020 0.7025 0.7219 0.7233 0.7220 0.7220 0.7208 0.5426 0.7176 0.7044 0.5635 0.7013 0.7207 0.7038 0.6435 0.7033 0.9836 0.7222 0.7024 0.7046 0.7030 0.7226 0.7017 0.7013 0.7028 0.7224 0.5658 0.7247 0.7016 0.7012 0.5072 0.7025 0.9825 0.7235 0.9834 0.7056 0.9836 0.5528 0.7201 0.7044 
0.6821 0.6838 0.9821 0.5285 0.7031 0.9811 0.6854 0.9803 0.5780 0.7015 1.0000 0.9845 0.5514 0.9807 0.9827 0.9797 0.6813 0.6903 0.6847 0.6838 0.6815 0.6842 0.9839 0.9793 0.5682 0.9837 0.5618 0.5800 0.6851 0.9801 0.6808 0.9818 0.6072 0.5058 0.6879 0.9815 0.6856 0.6167 0.6862 0.7019 0.6851 0.9805 0.6849 0.9831 0.6813 0.9844 0.9842 0.6818 0.9848 0.9821 0.5797 0.6890 0.5834 0.6858 0.7015 0.6829 0.6866 0.6870 0.9833 0.5321 0.9796 0.9807 0.6863 0.6878 0.6852 0.6859 0.6851 0.6410 0.6810 0.9812 0.6800 0.9846 0.6847 0.9795 0.8056 0.9831 0.7030 0.6845 0.9796 0.9822 0.9827 0.6876 0.9842 0.9791 0.9819 0.6856 0.6819 0.6859 0.9835 0.9779 0.5991 0.9758 0.7014 0.6880 0.7003 0.9798 0.7037 0.6662 0.6824 0.9749 
0.6820 0.6869 0.9812 0.5315 0.7054 0.9812 0.6885 0.9800 0.5794 0.7038 0.9845 1.0000 0.5528 0.9803 0.9824 0.9812 0.6812 0.6934 0.6878 0.6869 0.6805 0.6864 0.9821 0.9794 0.5702 0.9833 0.5638 0.5814 0.6880 0.9794 0.6808 0.9814 0.6097 0.5071 0.6908 0.9819 0.6845 0.6160 0.6892 0.7042 0.6850 0.9824 0.6878 0.9816 0.6843 0.9825 0.9843 0.6807 0.9834 0.9824 0.5818 0.6920 0.5853 0.6888 0.7038 0.6859 0.6864 0.6900 0.9853 0.5350 0.9810 0.9829 0.6892 0.6908 0.6881 0.6889 0.6881 0.6427 0.6840 0.9822 0.6799 0.9851 0.6876 0.9816 0.8065 0.9823 0.7053 0.6875 0.9799 0.9823 0.9841 0.6907 0.9814 0.9793 0.9816 0.6886 0.6821 0.6889 0.9833 0.9806 0.6006 0.9770 0.7037 0.6910 0.7028 0.9805 0.7061 0.6664 0.6854 0.9763 
0.6167 0.6786 0.5526 0.6936 0.6171 0.5537 0.6777 0.5520 0.4850 0.6154 0.5514 0.5528 1.0000 0.5536 0.5522 0.5550 0.6165 0.6759 0.6778 0.6758 0.6899 0.5728 0.5535 0.5536 0.4986 0.5499 0.4603 0.4892 0.6769 0.5534 0.6293 0.5518 0.5382 0.6912 0.6764 0.5533 0.6860 0.5624 0.6781 0.6154 0.6165 0.5526 0.6792 0.5536 0.6792 0.5516 0.5506 0.6852 0.5523 0.5526 0.7495 0.6764 0.5372 0.6781 0.6157 0.6776 0.6161 0.6776 0.5520 0.6951 0.5532 0.5529 0.6777 0.6783 0.6784 0.6769 0.6767 0.4511 0.6779 0.5528 0.6157 0.5501 0.6763 0.5537 0.5121 0.5522 0.6163 0.6786 0.5520 0.5514 0.5527 0.6775 0.5526 0.5538 0.5515 0.6778 0.5850 0.6795 0.5523 0.5522 0.4798 0.5554 0.6148 0.6792 0.6169 0.5543 0.6168 0.5515 0.6774 0.5548 
0.6845 0.6895 0.9858 0.5330 0.7023 0.9811 0.6911 0.9848 0.5770 0.7008 0.9807 0.9803 0.5536 1.0000 0.9807 0.9819 0.6837 0.6960 0.6903 0.6895 0.6792 0.6850 0.9830 0.9823 0.5695 0.9843 0.5645 0.5793 0.6906 0.9815 0.6811 0.9823 0.6089 0.5078 0.6934 0.9845 0.6830 0.6151 0.6917 0.7009 0.6872 0.9836 0.6904 0.9824 0.6868 0.9858 0.9850 0.6792 0.9826 0.9824 0.5831 0.6946 0.5873 0.6913 0.7005 0.6885 0.6888 0.6926 0.9813 0.5365 0.9807 0.9800 0.6919 0.6933 0.6907 0.6914 0.6907 0.6490 0.6867 0.9772 0.6822 0.9805 0.6902 0.9819 0.7997 0.9831 0.7022 0.6900 0.9833 0.9816 0.9817 0.6933 0.9840 0.9845 0.9843 0.6911 0.6816 0.6913 0.9823 0.9834 0.6008 0.9860 0.7004 0.6936 0.6997 0.9801 0.7028 0.6687 0.6880 0.9806 
0.6828 0.6864 0.9806 0.5302 0.7056 0.9842 0.6880 0.9830 0.5792 0.7042 0.9827 0.9824 0.5522 0.9807 1.0000 0.9807 0.6820 0.6929 0.6872 0.6864 0.6802 0.6853 0.9817 0.9820 0.5697 0.9820 0.5625 0.5815 0.6876 0.9794 0.6786 0.9799 0.6094 0.5062 0.6903 0.9806 0.6841 0.6153 0.6888 0.7043 0.6857 0.9825 0.6873 0.9822 0.6838 0.9818 0.9830 0.6802 0.9833 0.9812 0.5812 0.6915 0.5846 0.6883 0.7040 0.6854 0.6873 0.6894 0.9823 0.5337 0.9784 0.9798 0.6888 0.6903 0.6877 0.6884 0.6876 0.6431 0.6835 0.9816 0.6806 0.9810 0.6872 0.9828 0.8009 0.9831 0.7056 0.6870 0.9821 0.9834 0.9815 0.6902 0.9816 0.9791 0.9826 0.6880 0.6818 0.6883 0.9797 0.9808 0.5994 0.9782 0.7039 0.6904 0.7030 0.9830 0.7063 0.6668 0.6849 0.9810 
0.6827 0.6904 0.9812 0.5330 0.7049 0.9812 0.6921 0.9798 0.5785 0.7032 0.9797 0.9812 0.5550 0.9819 0.9807 1.0000 0.6819 0.6970 0.6913 0.6905 0.6802 0.6851 0.9817 0.9797 0.5702 0.9826 0.5643 0.5807 0.6916 0.9810 0.6784 0.9818 0.6100 0.5086 0.6945 0.9829 0.6840 0.6151 0.6928 0.7035 0.6856 0.9806 0.6914 0.9828 0.6879 0.9809 0.9807 0.6801 0.9807 0.9829 0.5835 0.6956 0.5875 0.6924 0.7031 0.6895 0.6871 0.6936 0.9817 0.5366 0.9825 0.9820 0.6929 0.6944 0.6917 0.6924 0.6917 0.6460 0.6876 0.9785 0.6805 0.9802 0.6912 0.9813 0.8026 0.9805 0.7046 0.6910 0.9812 0.9796 0.9849 0.6943 0.9811 0.9817 0.9819 0.6921 0.6804 0.6924 0.9799 0.9810 0.5997 0.9803 0.7030 0.6947 0.7021 0.9822 0.7054 0.6666 0.6889 0.9814 
0.9829 0.5856 0.6829 0.5947 0.5665 0.6824 0.5861 0.6828 0.4716 0.5644 0.6813 0.6812 0.6165 0.6837 0.6820 0.6819 1.0000 0.5880 0.5853 0.5853 0.7241 0.5527 0.6829 0.6849 0.5571 0.6812 0.4653 0.4751 0.5857 0.6817 0.7283 0.6828 0.5949 0.5119 0.5872 0.6836 0.7239 0.5898 0.5867 0.5638 0.9760 0.6825 0.5864 0.6819 0.5835 0.6830 0.6824 0.7214 0.6821 0.6825 0.6727 0.5883 0.5046 0.5867 0.5648 0.5847 0.9769 0.5874 0.6813 0.5962 0.6808 0.6814 0.5867 0.5881 0.5863 0.5862 0.5855 0.5471 0.5833 0.6807 0.9833 0.6805 0.5852 0.6831 0.6237 0.6829 0.5657 0.5857 0.6814 0.6820 0.6815 0.5882 0.6830 0.6838 0.6824 0.5859 0.7201 0.5863 0.6830 0.6820 0.5867 0.6844 0.5631 0.5886 0.5643 0.6828 0.5666 0.7715 0.5845 0.6835 
0.5883 0.9809 0.6942 0.6552 0.7245 0.6959 0.9828 0.6942 0.5588 0.7240 0.6903 0.6934 0.6759 0.6960 0.6929 0.6970 0.5880 1.0000 0.9816 0.9795 0.5574 0.7200 0.6938 0.6936 0.5268 0.6921 0.5680 0.5634 0.9833 0.6942 0.5973 0.6942 0.5706 0.6119 0.9848 0.6940 0.5575 0.5076 0.9808 0.7223 0.5897 0.6946 0.9797 0.6954 0.9764 0.6917 0.6916 0.5542 0.6920 0.6950 0.7075 0.9843 0.6662 0.9834 0.7228 0.9796 0.5917 0.9799 0.6921 0.6596 0.6953 0.6943 0.9820 0.9848 0.9811 0.9812 0.9808 0.5550 0.9745 0.6925 0.5864 0.6899 0.9814 0.6941 0.6361 0.6927 0.7234 0.9815 0.6924 0.6914 0.6926 0.9831 0.6934 0.6956 0.6928 0.9826 0.5599 0.9826 0.6935 0.6933 0.5049 0.6987 0.7221 0.9842 0.7243 0.6950 0.7234 0.5758 0.9770 0.6961 
0.5857 0.9836 0.6886 0.6569 0.7225 0.6901 0.9820 0.6885 0.5565 0.7222 0.6847 0.6878 0.6778 0.6903 0.6872 0.6913 0.5853 0.9816 1.0000 0.9801 0.5547 0.7186 0.6882 0.6878 0.5248 0.6864 0.5664 0.5611 0.9825 0.6886 0.5955 0.6885 0.5683 0.6134 0.9825 0.6884 0.5549 0.5054 0.9819 0.7204 0.5869 0.6890 0.9801 0.6897 0.9820 0.6862 0.6859 0.5515 0.6864 0.6893 0.7084 0.9791 0.6645 0.9807 0.7211 0.9824 0.5890 0.9836 0.6865 0.6614 0.6896 0.6886 0.9824 0.9814 0.9844 0.9805 0.9838 0.5518 0.9787 0.6870 0.5837 0.6843 0.9823 0.6883 0.6328 0.6871 0.7214 0.9842 0.6868 0.6858 0.6869 0.9820 0.6878 0.6899 0.6871 0.9827 0.5570 0.9798 0.6879 0.6877 0.5025 0.6929 0.7202 0.9806 0.7225 0.6893 0.7216 0.5731 0.9801 0.6903 
0.5855 0.9831 0.6878 0.6580 0.7194 0.6895 0.9831 0.6877 0.5534 0.7189 0.6838 0.6869 0.6758 0.6895 0.6864 0.6905 0.5853 0.9795 0.9801 1.0000 0.5527 0.7161 0.6873 0.6871 0.5255 0.6857 0.5660 0.5580 0.9815 0.6878 0.5948 0.6878 0.5693 0.6118 0.9792 0.6876 0.5530 0.5037 0.9819 0.7172 0.5867 0.6881 0.9833 0.6889 0.9811 0.6853 0.6851 0.5495 0.6856 0.6885 0.7082 0.9773 0.6631 0.9813 0.7179 0.9843 0.5889 0.9801 0.6856 0.6625 0.6889 0.6879 0.9795 0.9817 0.9824 0.9801 0.9838 0.5521 0.9829 0.6861 0.5836 0.6836 0.9822 0.6877 0.6310 0.6863 0.7183 0.9851 0.6861 0.6850 0.6861 0.9813 0.6869 0.6890 0.6863 0.9813 0.5560 0.9802 0.6871 0.6869 0.5033 0.6922 0.7170 0.9789 0.7192 0.6886 0.7183 0.5734 0.9837 0.6896 
0.7250 0.5546 0.6793 0.5609 0.6049 0.6794 0.5551 0.6788 0.5029 0.6024 0.6815 0.6805 0.6899 0.6792 0.6802 0.6802 0.7241 0.5574 0.5547 0.5527 1.0000 0.5529 0.6811 0.6814 0.5449 0.6777 0.4598 0.5050 0.5544 0.6803 0.7217 0.6784 0.5814 0.5655 0.5558 0.6806 0.9784 0.6918 0.5560 0.6038 0.7261 0.6793 0.5558 0.6800 0.5532 0.6805 0.6793 0.9785 0.6810 0.6790 0.6116 0.5567 0.4772 0.5558 0.6033 0.5533 0.7244 0.5561 0.6804 0.5623 0.6791 0.6797 0.5559 0.5573 0.5554 0.5549 0.5540 0.5263 0.5522 0.6811 0.7238 0.6800 0.5536 0.6812 0.6243 0.6804 0.6049 0.5550 0.6803 0.6806 0.6811 0.5564 0.6802 0.6796 0.6795 0.5554 0.7210 0.5567 0.6796 0.6797 0.5741 0.6790 0.6030 0.5581 0.6028 0.6813 0.6058 0.6405 0.5527 0.6809 
0.5528 0.7164 0.6851 0.5586 0.7193 0.6861 0.7179 0.6839 0.6060 0.7196 0.6842 0.6864 0.5728 0.6850 0.6853 0.6851 0.5527 0.7200 0.7186 0.7161 0.5529 1.0000 0.6847 0.6838 0.5463 0.6838 0.5925 0.6085 0.7204 0.6838 0.5932 0.6829 0.5688 0.5526 0.7202 0.6843 0.5543 0.5317 0.7181 0.7196 0.5543 0.6864 0.7175 0.6849 0.7164 0.6830 0.6839 0.5515 0.6841 0.6860 0.6024 0.7208 0.6123 0.7188 0.7193 0.7173 0.5562 0.7170 0.6843 0.5610 0.6853 0.6841 0.7176 0.7204 0.7168 0.7195 0.7176 0.5288 0.7150 0.6863 0.5511 0.6829 0.7185 0.6848 0.6295 0.6837 0.7191 0.7184 0.6840 0.6841 0.6836 0.7197 0.6838 0.6832 0.6830 0.7192 0.6005 0.7196 0.6841 0.6831 0.5224 0.6846 0.7202 0.7202 0.7201 0.6861 0.7194 0.5484 0.7162 0.6855 
0.6836 0.6873 0.9824 0.5316 0.7041 0.9818 0.6889 0.9831 0.5785 0.7024 0.9839 0.9821 0.5535 0.9830 0.9817 0.9817 0.6829 0.6938 0.6882 0.6873 0.6811 0.6847 1.0000 0.9827 0.5689 0.9833 0.5632 0.5807 0.6885 0.9795 0.6811 0.9833 0.6083 0.5077 0.6913 0.9858 0.6850 0.6164 0.6896 0.7027 0.6867 0.9808 0.6883 0.9820 0.6847 0.9844 0.9852 0.6812 0.9828 0.9811 0.5815 0.6924 0.5860 0.6893 0.7024 0.6864 0.6881 0.6905 0.9825 0.5351 0.9791 0.9794 0.6897 0.6912 0.6887 0.6894 0.6886 0.6446 0.6844 0.9780 0.6815 0.9809 0.6880 0.9803 0.8073 0.9831 0.7039 0.6879 0.9803 0.9831 0.9823 0.6911 0.9843 0.9813 0.9855 0.6890 0.6827 0.6893 0.9845 0.9797 0.5999 0.9797 0.7022 0.6914 0.7014 0.9795 0.7046 0.6678 0.6858 0.9785 
0.6857 0.6870 0.9826 0.5309 0.7045 0.9833 0.6886 0.9836 0.5786 0.7030 0.9793 0.9794 0.5536 0.9823 0.9820 0.9797 0.6849 0.6936 0.6878 0.6871 0.6814 0.6838 0.9827 1.0000 0.5682 0.9817 0.5620 0.5810 0.6881 0.9804 0.6808 0.9807 0.6076 0.5072 0.6910 0.9816 0.6852 0.6161 0.6894 0.7030 0.6887 0.9809 0.6880 0.9812 0.6844 0.9825 0.9825 0.6812 0.9825 0.9785 0.5824 0.6922 0.5857 0.6890 0.7028 0.6860 0.6901 0.6900 0.9806 0.5344 0.9770 0.9768 0.6894 0.6910 0.6883 0.6891 0.6883 0.6468 0.6842 0.9774 0.6835 0.9789 0.6878 0.9809 0.8019 0.9820 0.7044 0.6876 0.9807 0.9828 0.9809 0.6908 0.9838 0.9825 0.9838 0.6886 0.6828 0.6890 0.9804 0.9790 0.5992 0.9826 0.7024 0.6912 0.7018 0.9795 0.7051 0.6692 0.6856 0.9811 
0.5548 0.5239 0.5677 0.5986 0.5216 0.5698 0.5255 0.5681 0.4844 0.5194 0.5682 0.5702 0.4986 0.5695 0.5697 0.5702 0.5571 0.5268 0.5248 0.5255 0.5449 0.5463 0.5689 0.5682 1.0000 0.5685 0.5262 0.4857 0.5262 0.5670 0.5421 0.5679 0.8809 0.6047 0.5245 0.5699 0.5472 0.6553 0.5247 0.5218 0.5612 0.5712 0.5247 0.5686 0.5237 0.5687 0.5693 0.5428 0.5684 0.5723 0.5261 0.5257 0.4929 0.5258 0.5201 0.5249 0.5636 0.5261 0.5680 0.6018 0.5701 0.5697 0.5243 0.5270 0.5245 0.5248 0.5234 0.4927 0.5237 0.5706 0.5573 0.5677 0.5234 0.5722 0.5245 0.5689 0.5220 0.5255 0.5694 0.5680 0.5687 0.5276 0.5675 0.5669 0.5689 0.5272 0.5738 0.5243 0.5689 0.5689 0.8660 0.5687 0.5209 0.5265 0.5210 0.5726 0.5206 0.6523 0.5235 0.5723 
0.6821 0.6855 0.9834 0.5295 0.7020 0.9845 0.6872 0.9836 0.5769 0.7006 0.9837 0.9833 0.5499 0.9843 0.9820 0.9826 0.6812 0.6921 0.6864 0.6857 0.6777 0.6838 0.9833 0.9817 0.5685 1.0000 0.5625 0.5791 0.6867 0.9815 0.6789 0.9837 0.6080 0.5042 0.6895 0.9828 0.6817 0.6135 0.6880 0.7007 0.6850 0.9829 0.6866 0.9838 0.6829 0.9844 0.9846 0.6779 0.9842 0.9831 0.5799 0.6907 0.5844 0.6875 0.7004 0.6846 0.6864 0.6886 0.9842 0.5330 0.9829 0.9826 0.6880 0.6895 0.6868 0.6876 0.6868 0.6457 0.6828 0.9818 0.6799 0.9832 0.6863 0.9823 0.8041 0.9825 0.7019 0.6862 0.9825 0.9829 0.9848 0.6894 0.9840 0.9827 0.9853 0.6872 0.6807 0.6875 0.9835 0.9812 0.5993 0.9819 0.7003 0.6897 0.6994 0.9816 0.7027 0.6664 0.6841 0.9791 
0.4638 0.5661 0.5643 0.4837 0.5476 0.5625 0.5670 0.5624 0.6942 0.5455 0.5618 0.5638 0.4603 0.5645 0.5625 0.5643 0.4653 0.5680 0.5664 0.5660 0.4598 0.5925 0.5632 0.5620 0.5262 0.5625 1.0000 0.6943 0.5669 0.5627 0.4934 0.5624 0.5143 0.4798 0.5677 0.5636 0.4612 0.4790 0.5645 0.5478 0.4645 0.5642 0.5662 0.5627 0.5657 0.5626 0.5636 0.4588 0.5624 0.5646 0.4802 0.5665 0.7175 0.5665 0.5464 0.5677 0.4673 0.5656 0.5621 0.4862 0.5642 0.5635 0.5665 0.5688 0.5663 0.5662 0.5656 0.4910 0.5671 0.5636 0.4638 0.5619 0.5643 0.5638 0.5313 0.5624 0.5464 0.5666 0.5642 0.5629 0.5621 0.5688 0.5616 0.5617 0.5624 0.5701 0.4952 0.5633 0.5631 0.5641 0.5130 0.5632 0.5489 0.5656 0.5477 0.5645 0.5459 0.4694 0.5631 0.5649 
0.4753 0.5613 0.5808 0.4375 0.6587 0.5809 0.5620 0.5789 0.9785 0.6570 0.5800 0.5814 0.4892 0.5793 0.5815 0.5807 0.4751 0.5634 0.5611 0.5580 0.5050 0.6085 0.5807 0.5810 0.4857 0.5791 0.6943 1.0000 0.5607 0.5806 0.5097 0.5778 0.4736 0.5100 0.5647 0.5801 0.5074 0.5291 0.5625 0.6590 0.4774 0.5794 0.5619 0.5790 0.5606 0.5784 0.5789 0.5045 0.5798 0.5790 0.4789 0.5637 0.7249 0.5610 0.6576 0.5599 0.4765 0.5598 0.5818 0.4398 0.5799 0.5803 0.5610 0.5634 0.5610 0.5623 0.5611 0.4540 0.5592 0.5820 0.4744 0.5796 0.5600 0.5805 0.5434 0.5805 0.6568 0.5609 0.5801 0.5824 0.5805 0.5625 0.5803 0.5800 0.5802 0.5608 0.5112 0.5618 0.5799 0.5794 0.4754 0.5797 0.6607 0.5629 0.6588 0.5814 0.6581 0.4800 0.5592 0.5811 
0.5859 0.9812 0.6889 0.6583 0.7237 0.6906 0.9828 0.6888 0.5561 0.7231 0.6851 0.6880 0.6769 0.6906 0.6876 0.6916 0.5857 0.9833 0.9825 0.9815 0.5544 0.7204 0.6885 0.6881 0.5262 0.6867 0.5669 0.5607 1.0000 0.6890 0.5960 0.6889 0.5698 0.6132 0.9830 0.6886 0.5546 0.5054 0.9813 0.7213 0.5872 0.6893 0.9811 0.6901 0.9789 0.6864 0.6862 0.5512 0.6867 0.6896 0.7099 0.9814 0.6632 0.9839 0.7221 0.9831 0.5894 0.9800 0.6868 0.6627 0.6900 0.6890 0.9826 0.9859 0.9812 0.9837 0.9801 0.5513 0.9756 0.6872 0.5840 0.6847 0.9833 0.6887 0.6321 0.6874 0.7225 0.9846 0.6871 0.6860 0.6872 0.9830 0.6880 0.6901 0.6874 0.9856 0.5580 0.9829 0.6882 0.6881 0.5036 0.6932 0.7213 0.9831 0.7235 0.6897 0.7226 0.5737 0.9791 0.6907 
0.6823 0.6877 0.9825 0.5302 0.7041 0.9817 0.6893 0.9793 0.5784 0.7027 0.9801 0.9794 0.5534 0.9815 0.9794 0.9810 0.6817 0.6942 0.6886 0.6878 0.6803 0.6838 0.9795 0.9804 0.5670 0.9815 0.5627 0.5806 0.6890 1.0000 0.6803 0.9811 0.6065 0.5071 0.6917 0.9799 0.6842 0.6152 0.6902 0.7028 0.6852 0.9819 0.6887 0.9836 0.6850 0.9805 0.9808 0.6805 0.9804 0.9791 0.5817 0.6930 0.5860 0.6897 0.7026 0.6869 0.6867 0.6908 0.9827 0.5338 0.9845 0.9833 0.6903 0.6917 0.6891 0.6899 0.6890 0.6456 0.6849 0.9797 0.6802 0.9826 0.6885 0.9804 0.7978 0.9806 0.7040 0.6883 0.9808 0.9790 0.9833 0.6916 0.9812 0.9802 0.9806 0.6893 0.6807 0.6897 0.9792 0.9818 0.5983 0.9814 0.7025 0.6918 0.7014 0.9809 0.7048 0.6663 0.6863 0.9784 
0.7280 0.5955 0.6812 0.6005 0.6080 0.6794 0.5957 0.6795 0.5076 0.6062 0.6808 0.6808 0.6293 0.6811 0.6786 0.6784 0.7283 0.5973 0.5955 0.5948 0.7217 0.5932 0.6811 0.6808 0.5421 0.6789 0.4934 0.5097 0.5960 0.6803 1.0000 0.6804 0.5783 0.5229 0.5976 0.6806 0.7232 0.5897 0.5964 0.6074 0.7275 0.6804 0.5964 0.6797 0.5932 0.6812 0.6803 0.7230 0.6810 0.6796 0.6580 0.5984 0.5130 0.5971 0.6072 0.5946 0.7278 0.5968 0.6802 0.6019 0.6801 0.6798 0.5964 0.5979 0.5964 0.5968 0.5956 0.5253 0.5931 0.6798 0.7261 0.6800 0.5953 0.6797 0.6302 0.6814 0.6085 0.5961 0.6792 0.6799 0.6796 0.5977 0.6808 0.6798 0.6797 0.5963 0.7161 0.5966 0.6817 0.6794 0.5721 0.6805 0.6068 0.5985 0.6070 0.6793 0.6089 0.6462 0.5939 0.6780 
0.6836 0.6876 0.9817 0.5313 0.7003 0.9824 0.6892 0.9839 0.5757 0.6986 0.9818 0.9814 0.5518 0.9823 0.9799 0.9818 0.6828 0.6942 0.6885 0.6878 0.6784 0.6829 0.9833 0.9807 0.5679 0.9837 0.5624 0.5778 0.6889 0.9811 0.6804 1.0000 0.6075 0.5057 0.6917 0.9818 0.6823 0.6135 0.6900 0.6989 0.6865 0.9821 0.6886 0.9834 0.6850 0.9828 0.9833 0.6784 0.9825 0.9813 0.5822 0.6928 0.5860 0.6896 0.6986 0.6867 0.6880 0.6907 0.9813 0.5349 0.9818 0.9808 0.6901 0.6916 0.6890 0.6899 0.6889 0.6451 0.6848 0.9794 0.6815 0.9801 0.6885 0.9789 0.8057 0.9827 0.7000 0.6882 0.9800 0.9793 0.9823 0.6914 0.9840 0.9824 0.9830 0.6893 0.6803 0.6895 0.9830 0.9796 0.5989 0.9806 0.6984 0.6917 0.6976 0.9787 0.7008 0.6673 0.6862 0.9772 
0.5927 0.5678 0.6070 0.6497 0.5621 0.6096 0.5692 0.6078 0.4714 0.5597 0.6072 0.6097 0.5382 0.6089 0.6094 0.6100 0.5949 0.5706 0.5683 0.5693 0.5814 0.5688 0.6083 0.6076 0.8809 0.6080 0.5143 0.4736 0.5698 0.6065 0.5783 0.6075 1.0000 0.5889 0.5679 0.6096 0.5834 0.6293 0.5682 0.5622 0.5996 0.6110 0.5686 0.6084 0.5671 0.6083 0.6086 0.5784 0.6076 0.6122 0.5686 0.5695 0.4836 0.5698 0.5604 0.5686 0.6025 0.5699 0.6073 0.6538 0.6096 0.6094 0.5681 0.5706 0.5684 0.5684 0.5669 0.5271 0.5672 0.6103 0.5950 0.6070 0.5668 0.6122 0.5606 0.6086 0.5623 0.5691 0.6091 0.6072 0.6083 0.5713 0.6069 0.6063 0.6086 0.5709 0.5908 0.5676 0.6085 0.6084 0.8200 0.6085 0.5612 0.5704 0.5612 0.6128 0.5608 0.6704 0.5668 0.6125 
0.5118 0.6137 0.5065 0.5674 0.5631 0.5079 0.6133 0.5060 0.5063 0.5619 0.5058 0.5071 0.6912 0.5078 0.5062 0.5086 0.5119 0.6119 0.6134 0.6118 0.5655 0.5526 0.5077 0.5072 0.6047 0.5042 0.4798 0.5100 0.6132 0.5071 0.5229 0.5057 0.5889 1.0000 0.6123 0.5074 0.5683 0.6916 0.6141 0.5617 0.5169 0.5069 0.6142 0.5071 0.6144 0.5055 0.5051 0.5629 0.5063 0.5068 0.6051 0.6126 0.5566 0.6131 0.5617 0.6132 0.5162 0.6135 0.5064 0.5711 0.5074 0.5068 0.6130 0.6141 0.6132 0.6131 0.6121 0.4135 0.6134 0.5069 0.5112 0.5042 0.6118 0.5077 0.4705 0.5061 0.5628 0.6143 0.5057 0.5056 0.5062 0.6137 0.5067 0.5076 0.5056 0.6140 0.5151 0.6153 0.5064 0.5061 0.5760 0.5093 0.5613 0.6152 0.5632 0.5078 0.5628 0.5960 0.6132 0.5083 
0.5876 0.9825 0.6918 0.6546 0.7231 0.6934 0.9825 0.6916 0.5600 0.7227 0.6879 0.6908 0.6764 0.6934 0.6903 0.6945 0.5872 0.9848 0.9825 0.9792 0.5558 0.7202 0.6913 0.6910 0.5245 0.6895 0.5677 0.5647 0.9830 0.6917 0.5976 0.6917 0.5679 0.6123 1.0000 0.6915 0.5561 0.5066 0.9815 0.7209 0.5889 0.6921 0.9815 0.6928 0.9780 0.6893 0.6890 0.5527 0.6896 0.6924 0.7090 0.9844 0.6689 0.9817 0.7215 0.9802 0.5909 0.9798 0.6896 0.6591 0.6928 0.6917 0.9809 0.9851 0.9824 0.9838 0.9819 0.5522 0.9747 0.6900 0.5856 0.6874 0.9820 0.6914 0.6349 0.6903 0.7219 0.9825 0.6899 0.6888 0.6900 0.9833 0.6910 0.6930 0.6903 0.9803 0.5590 0.9818 0.6911 0.6907 0.5027 0.6961 0.7207 0.9843 0.7229 0.6923 0.7221 0.5751 0.9785 0.6934 
0.6844 0.6876 0.9835 0.5322 0.7036 0.9796 0.6891 0.9828 0.5778 0.7020 0.9815 0.9819 0.5533 0.9845 0.9806 0.9829 0.6836 0.6940 0.6884 0.6876 0.6806 0.6843 0.9858 0.9816 0.5699 0.9828 0.5636 0.5801 0.6886 0.9799 0.6806 0.9818 0.6096 0.5074 0.6915 1.0000 0.6845 0.6159 0.6898 0.7022 0.6872 0.9805 0.6885 0.9804 0.6850 0.9838 0.9834 0.6806 0.9813 0.9820 0.5825 0.6927 0.5857 0.6895 0.7019 0.6867 0.6888 0.6907 0.9811 0.5358 0.9787 0.9800 0.6900 0.6914 0.6889 0.6896 0.6889 0.6474 0.6847 0.9775 0.6823 0.9805 0.6882 0.9803 0.8059 0.9832 0.7034 0.6881 0.9814 0.9824 0.9813 0.6914 0.9836 0.9805 0.9848 0.6892 0.6825 0.6895 0.9832 0.9794 0.6009 0.9818 0.7017 0.6917 0.7010 0.9794 0.7041 0.6684 0.6861 0.9791 
0.7247 0.5548 0.6833 0.5575 0.6068 0.6833 0.5553 0.6826 0.5054 0.6044 0.6856 0.6845 0.6860 0.6830 0.6841 0.6840 0.7239 0.5575 0.5549 0.5530 0.9784 0.5543 0.6850 0.6852 0.5472 0.6817 0.4612 0.5074 0.5546 0.6842 0.7232 0.6823 0.5834 0.5683 0.5561 0.6845 1.0000 0.6994 0.5563 0.6058 0.7265 0.6831 0.5561 0.6838 0.5533 0.6844 0.6832 0.9790 0.6850 0.6827 0.6091 0.5570 0.4783 0.5560 0.6054 0.5535 0.7247 0.5564 0.6845 0.5591 0.6829 0.6836 0.5562 0.5575 0.5556 0.5552 0.5543 0.5257 0.5525 0.6851 0.7236 0.6840 0.5539 0.6851 0.6291 0.6842 0.6069 0.5553 0.6844 0.6845 0.6851 0.5567 0.6841 0.6834 0.6833 0.5557 0.7214 0.5569 0.6836 0.6836 0.5782 0.6828 0.6051 0.5584 0.6048 0.6851 0.6078 0.6465 0.5530 0.6846 
0.5899 0.5052 0.6147 0.4628 0.5492 0.6152 0.5058 0.6141 0.5273 0.5475 0.6167 0.6160 0.5624 0.6151 0.6153 0.6151 0.5898 0.5076 0.5054 0.5037 0.6918 0.5317 0.6164 0.6161 0.6553 0.6135 0.4790 0.5291 0.5054 0.6152 0.5897 0.6135 0.6293 0.6916 0.5066 0.6159 0.6994 1.0000 0.5070 0.5484 0.5970 0.6148 0.5063 0.6145 0.5041 0.6154 0.6149 0.6926 0.6161 0.6144 0.5050 0.5074 0.4987 0.5058 0.5478 0.5042 0.5953 0.5069 0.6160 0.4661 0.6147 0.6146 0.5062 0.5079 0.5055 0.5060 0.5047 0.4785 0.5035 0.6162 0.5894 0.6149 0.5042 0.6162 0.5690 0.6152 0.5495 0.5060 0.6149 0.6157 0.6155 0.5074 0.6156 0.6150 0.6147 0.5063 0.6236 0.5075 0.6150 0.6147 0.6911 0.6147 0.5478 0.5089 0.5477 0.6157 0.5500 0.6954 0.5040 0.6153 
0.5870 0.9829 0.6900 0.6549 0.7227 0.6919 0.9835 0.6899 0.5579 0.7224 0.6862 0.6892 0.6781 0.6917 0.6888 0.6928 0.5867 0.9808 0.9819 0.9819 0.5560 0.7181 0.6896 0.6894 0.5247 0.6880 0.5645 0.5625 0.9813 0.6902 0.5964 0.6900 0.5682 0.6141 0.9815 0.6898 0.5563 0.5070 1.0000 0.7205 0.5883 0.6904 0.9829 0.6913 0.9803 0.6876 0.6873 0.5529 0.6880 0.6907 0.7084 0.9787 0.6663 0.9813 0.7212 0.9815 0.5903 0.9806 0.6880 0.6593 0.6912 0.6902 0.9822 0.9800 0.9825 0.9808 0.9831 0.5509 0.9805 0.6884 0.5850 0.6859 0.9827 0.6899 0.6324 0.6887 0.7216 0.9850 0.6883 0.6873 0.6885 0.9808 0.6892 0.6914 0.6886 0.9791 0.5585 0.9834 0.6893 0.6892 0.5027 0.6945 0.7205 0.9810 0.7226 0.6909 0.7217 0.5748 0.9836 0.6919 
0.5649 0.7197 0.7026 0.5588 0.9813 0.7043 0.7200 0.7012 0.6555 0.9816 0.7019 0.7042 0.6154 0.7009 0.7043 0.7035 0.5638 0.7223 0.7204 0.7172 0.6038 0.7196 0.7027 0.7030 0.5218 0.7007 0.5478 0.6590 0.7213 0.7028 0.6074 0.6989 0.5622 0.5617 0.7209 0.7022 0.6058 0.5484 0.7205 1.0000 0.5674 0.7018 0.7203 0.7015 0.7191 0.7002 0.6999 0.6022 0.7013 0.7015 0.6027 0.7225 0.5660 0.7211 0.9827 0.7190 0.5669 0.7196 0.7043 0.5612 0.7024 0.7029 0.7202 0.7217 0.7202 0.7202 0.7191 0.5415 0.7160 0.7049 0.5631 0.7017 0.7189 0.7039 0.6449 0.7037 0.9833 0.7204 0.7026 0.7047 0.7033 0.7209 0.7020 0.7013 0.7030 0.7207 0.5663 0.7230 0.7020 0.7013 0.5092 0.7024 0.9845 0.7218 0.9828 0.7059 0.9840 0.5521 0.7182 0.7044 
0.9758 0.5872 0.6865 0.5926 0.5701 0.6862 0.5878 0.6865 0.4740 0.5678 0.6851 0.6850 0.6165 0.6872 0.6857 0.6856 0.9760 0.5897 0.5869 0.5867 0.7261 0.5543 0.6867 0.6887 0.5612 0.6850 0.4645 0.4774 0.5872 0.6852 0.7275 0.6865 0.5996 0.5169 0.5889 0.6872 0.7265 0.5970 0.5883 0.5674 1.0000 0.6860 0.5880 0.6856 0.5850 0.6866 0.6862 0.7233 0.6860 0.6860 0.6706 0.5900 0.5054 0.5884 0.5683 0.5863 0.9788 0.5890 0.6851 0.5945 0.6845 0.6849 0.5883 0.5898 0.5880 0.5879 0.5871 0.5477 0.5849 0.6846 0.9769 0.6841 0.5867 0.6867 0.6310 0.6866 0.5692 0.5873 0.6848 0.6857 0.6853 0.5898 0.6869 0.6875 0.6861 0.5874 0.7205 0.5879 0.6869 0.6853 0.5910 0.6879 0.5667 0.5903 0.5679 0.6863 0.5702 0.7822 0.5861 0.6869 
0.6831 0.6880 0.9816 0.5326 0.7031 0.9827 0.6897 0.9832 0.5772 0.7017 0.9805 0.9824 0.5526 0.9836 0.9825 0.9806 0.6825 0.6946 0.6890 0.6881 0.6793 0.6864 0.9808 0.9809 0.5712 0.9829 0.5642 0.5794 0.6893 0.9819 0.6804 0.9821 0.6110 0.5069 0.6921 0.9805 0.6831 0.6148 0.6904 0.7018 0.6860 1.0000 0.6889 0.9833 0.6855 0.9828 0.9845 0.6792 0.9825 0.9847 0.5825 0.6932 0.5856 0.6901 0.7015 0.6872 0.6876 0.6912 0.9816 0.5361 0.9827 0.9809 0.6905 0.6921 0.6893 0.6902 0.6893 0.6468 0.6853 0.9808 0.6810 0.9812 0.6889 0.9826 0.7986 0.9821 0.7030 0.6886 0.9825 0.9806 0.9816 0.6919 0.9811 0.9801 0.9835 0.6898 0.6824 0.6899 0.9801 0.9825 0.6013 0.9807 0.7014 0.6922 0.7005 0.9816 0.7037 0.6675 0.6866 0.9812 
0.5867 0.9818 0.6886 0.6572 0.7226 0.6904 0.9831 0.6886 0.5573 0.7222 0.6849 0.6878 0.6792 0.6904 0.6873 0.6914 0.5864 0.9797 0.9801 0.9833 0.5558 0.7175 0.6883 0.6880 0.5247 0.6866 0.5662 0.5619 0.9811 0.6887 0.5964 0.6886 0.5686 0.6142 0.9815 0.6885 0.5561 0.5063 0.9829 0.7203 0.5880 0.6889 1.0000 0.6899 0.9806 0.6863 0.6860 0.5527 0.6865 0.6894 0.7100 0.9805 0.6657 0.9806 0.7212 0.9826 0.5901 0.9792 0.6866 0.6617 0.6898 0.6888 0.9775 0.9812 0.9826 0.9819 0.9809 0.5516 0.9794 0.6870 0.5848 0.6844 0.9811 0.6886 0.6320 0.6873 0.7214 0.9852 0.6870 0.6859 0.6871 0.9818 0.6879 0.6899 0.6872 0.9793 0.5570 0.9809 0.6880 0.6878 0.5028 0.6931 0.7202 0.9807 0.7224 0.6896 0.7215 0.5744 0.9821 0.6904 
0.6827 0.6888 0.9818 0.5317 0.7028 0.9837 0.6904 0.9816 0.5769 0.7012 0.9831 0.9816 0.5536 0.9824 0.9822 0.9828 0.6819 0.6954 0.6897 0.6889 0.6800 0.6849 0.9820 0.9812 0.5686 0.9838 0.5627 0.5790 0.6901 0.9836 0.6797 0.9834 0.6084 0.5071 0.6928 0.9804 0.6838 0.6145 0.6913 0.7015 0.6856 0.9833 0.6899 1.0000 0.6862 0.9820 0.9824 0.6801 0.9826 0.9831 0.5825 0.6941 0.5862 0.6908 0.7011 0.6879 0.6871 0.6919 0.9825 0.5352 0.9812 0.9837 0.6914 0.6928 0.6901 0.6910 0.6901 0.6448 0.6860 0.9826 0.6805 0.9831 0.6897 0.9815 0.8017 0.9833 0.7026 0.6895 0.9814 0.9806 0.9839 0.6927 0.9830 0.9807 0.9831 0.6905 0.6809 0.6908 0.9808 0.9791 0.5988 0.9814 0.7011 0.6930 0.7000 0.9822 0.7034 0.6665 0.6874 0.9787 
0.5838 0.9857 0.6851 0.6577 0.7213 0.6868 0.9842 0.6851 0.5560 0.7208 0.6813 0.6843 0.6792 0.6868 0.6838 0.6879 0.5835 0.9764 0.9820 0.9811 0.5532 0.7164 0.6847 0.6844 0.5237 0.6829 0.5657 0.5606 0.9789 0.6850 0.5932 0.6850 0.5671 0.6144 0.9780 0.6850 0.5533 0.5041 0.9803 0.7191 0.5850 0.6855 0.9806 0.6862 1.0000 0.6828 0.6825 0.5499 0.6830 0.6859 0.7078 0.9740 0.6651 0.9788 0.7196 0.9832 0.5871 0.9795 0.6830 0.6621 0.6862 0.6852 0.9779 0.9791 0.9813 0.9791 0.9825 0.5503 0.9825 0.6835 0.5819 0.6809 0.9795 0.6850 0.6292 0.6838 0.7200 0.9833 0.6834 0.6824 0.6835 0.9801 0.6843 0.6864 0.6837 0.9791 0.5546 0.9783 0.6845 0.6843 0.5012 0.6895 0.7189 0.9773 0.7210 0.6859 0.7200 0.5715 0.9820 0.6869 
0.6838 0.6853 0.9847 0.5305 0.7015 0.9818 0.6869 0.9846 0.5761 0.7000 0.9844 0.9825 0.5516 0.9858 0.9818 0.9809 0.6830 0.6917 0.6862 0.6853 0.6805 0.6830 0.9844 0.9825 0.5687 0.9844 0.5626 0.5784 0.6864 0.9805 0.6812 0.9828 0.6083 0.5055 0.6893 0.9838 0.6844 0.6154 0.6876 0.7002 0.6866 0.9828 0.6863 0.9820 0.6828 1.0000 0.9859 0.6805 0.9858 0.9822 0.5805 0.6903 0.5839 0.6872 0.6999 0.6844 0.6882 0.6884 0.9825 0.5341 0.9802 0.9794 0.6877 0.6892 0.6866 0.6874 0.6865 0.6452 0.6825 0.9787 0.6815 0.9829 0.6861 0.9821 0.8035 0.9850 0.7015 0.6859 0.9835 0.9826 0.9817 0.6891 0.9849 0.9800 0.9848 0.6870 0.6807 0.6872 0.9829 0.9816 0.6002 0.9809 0.6997 0.6894 0.6989 0.9817 0.7022 0.6678 0.6838 0.9785 
0.6832 0.6850 0.9837 0.5305 0.7012 0.9821 0.6867 0.9849 0.5767 0.6996 0.9842 0.9843 0.5506 0.9850 0.9830 0.9807 0.6824 0.6916 0.6859 0.6851 0.6793 0.6839 0.9852 0.9825 0.5693 0.9846 0.5636 0.5789 0.6862 0.9808 0.6803 0.9833 0.6086 0.5051 0.6890 0.9834 0.6832 0.6149 0.6873 0.6999 0.6862 0.9845 0.6860 0.9824 0.6825 0.9859 1.0000 0.6794 0.9844 0.9833 0.5795 0.6901 0.5846 0.6870 0.6996 0.6842 0.6877 0.6882 0.9836 0.5340 0.9812 0.9794 0.6875 0.6890 0.6864 0.6871 0.6863 0.6468 0.6823 0.9811 0.6810 0.9836 0.6858 0.9822 0.8038 0.9845 0.7011 0.6856 0.9825 0.9837 0.9826 0.6889 0.9843 0.9801 0.9847 0.6868 0.6818 0.6870 0.9843 0.9828 0.6008 0.9806 0.6994 0.6892 0.6986 0.9805 0.7018 0.6675 0.6836 0.9788 
0.7221 0.5514 0.6794 0.5571 0.6032 0.6794 0.5519 0.6786 0.5026 0.6007 0.6818 0.6807 0.6852 0.6792 0.6802 0.6801 0.7214 0.5542 0.5515 0.5495 0.9785 0.5515 0.6812 0.6812 0.5428 0.6779 0.4588 0.5045 0.5512 0.6805 0.7230 0.6784 0.5784 0.5629 0.5527 0.6806 0.9790 0.6926 0.5529 0.6022 0.7233 0.6792 0.5527 0.6801 0.5499 0.6805 0.6794 1.0000 0.6811 0.6789 0.6081 0.5536 0.4755 0.5526 0.6018 0.5501 0.7216 0.5530 0.6807 0.5584 0.6793 0.6799 0.5528 0.5540 0.5522 0.5518 0.5508 0.5230 0.5490 0.6813 0.7211 0.6803 0.5505 0.6812 0.6253 0.6803 0.6032 0.5519 0.6805 0.6805 0.6813 0.5533 0.6802 0.6796 0.6794 0.5523 0.7211 0.5535 0.6797 0.6797 0.5737 0.6789 0.6015 0.5549 0.6011 0.6812 0.6042 0.6388 0.5496 0.6806 
0.6830 0.6855 0.9846 0.5300 0.7026 0.9827 0.6872 0.9815 0.5777 0.7010 0.9848 0.9834 0.5523 0.9826 0.9833 0.9807 0.6821 0.6920 0.6864 0.6856 0.6810 0.6841 0.9828 0.9825 0.5684 0.9842 0.5624 0.5798 0.6867 0.9804 0.6810 0.9825 0.6076 0.5063 0.6896 0.9813 0.6850 0.6161 0.6880 0.7013 0.6860 0.9825 0.6865 0.9826 0.6830 0.9858 0.9844 0.6811 1.0000 0.9805 0.5803 0.6907 0.5848 0.6875 0.7009 0.6846 0.6873 0.6886 0.9823 0.5335 0.9804 0.9799 0.6880 0.6895 0.6869 0.6877 0.6868 0.6431 0.6828 0.9825 0.6808 0.9830 0.6863 0.9808 0.8049 0.9830 0.7025 0.6861 0.9819 0.9827 0.9836 0.6894 0.9845 0.9808 0.9827 0.6871 0.6811 0.6875 0.9823 0.9799 0.5993 0.9790 0.7009 0.6896 0.7000 0.9798 0.7032 0.6670 0.6841 0.9777 
0.6832 0.6884 0.9810 0.5333 0.7028 0.9801 0.6901 0.9822 0.5769 0.7011 0.9821 0.9824 0.5526 0.9824 0.9812 0.9829 0.6825 0.6950 0.6893 0.6885 0.6790 0.6860 0.9811 0.9785 0.5723 0.9831 0.5646 0.5790 0.6896 0.9791 0.6796 0.9813 0.6122 0.5068 0.6924 0.9820 0.6827 0.6144 0.6907 0.7015 0.6860 0.9847 0.6894 0.9831 0.6859 0.9822 0.9833 0.6789 0.9805 1.0000 0.5830 0.6935 0.5857 0.6903 0.7010 0.6875 0.6877 0.6915 0.9804 0.5369 0.9798 0.9824 0.6908 0.6924 0.6897 0.6904 0.6896 0.6464 0.6856 0.9789 0.6811 0.9812 0.6892 0.9827 0.8023 0.9810 0.7026 0.6890 0.9813 0.9798 0.9809 0.6923 0.9802 0.9789 0.9826 0.6902 0.6821 0.6902 0.9811 0.9791 0.6019 0.9783 0.7010 0.6926 0.7000 0.9822 0.7032 0.6673 0.6869 0.9787 
0.6721 0.7083 0.5817 0.7269 0.6048 0.5830 0.7083 0.5812 0.4747 0.6035 0.5797 0.5818 0.7495 0.5831 0.5812 0.5835 0.6727 0.7075 0.7084 0.7082 0.6116 0.6024 0.5815 0.5824 0.5261 0.5799 0.4802 0.4789 0.7099 0.5817 0.6580 0.5822 0.5686 0.6051 0.7090 0.5825 0.6091 0.5050 0.7084 0.6027 0.6706 0.5825 0.7100 0.5825 0.7078 0.5805 0.5795 0.6081 0.5803 0.5830 1.0000 0.7102 0.5575 0.7097 0.6039 0.7089 0.6718 0.7083 0.5806 0.7270 0.5821 0.5823 0.7084 0.7106 0.7083 0.7091 0.7071 0.4695 0.7064 0.5809 0.6730 0.5786 0.7085 0.5824 0.5376 0.5815 0.6031 0.7094 0.5803 0.5798 0.5811 0.7102 0.5815 0.5827 0.5805 0.7090 0.6105 0.7094 0.5818 0.5811 0.5041 0.5848 0.6022 0.7106 0.6042 0.5832 0.6043 0.6004 0.7083 0.5834 
0.5887 0.9791 0.6928 0.6549 0.7247 0.6946 0.9797 0.6928 0.5591 0.7244 0.6890 0.6920 0.6764 0.6946 0.6915 0.6956 0.5883 0.9843 0.9791 0.9773 0.5567 0.7208 0.6924 0.6922 0.5257 0.6907 0.5665 0.5637 0.9814 0.6930 0.5984 0.6928 0.5695 0.6126 0.9844 0.6927 0.5570 0.5074 0.9787 0.7225 0.5900 0.6932 0.9805 0.6941 0.9740 0.6903 0.6901 0.5536 0.6907 0.6935 0.7102 1.0000 0.6665 0.9813 0.7231 0.9766 0.5921 0.9772 0.6908 0.6593 0.6940 0.6930 0.9775 0.9825 0.9803 0.9821 0.9792 0.5537 0.9704 0.6912 0.5866 0.6886 0.9779 0.6927 0.6351 0.6914 0.7236 0.9810 0.6911 0.6900 0.6912 0.9835 0.6921 0.6942 0.6914 0.9785 0.5600 0.9820 0.6922 0.6919 0.5038 0.6974 0.7223 0.9839 0.7245 0.6936 0.7237 0.5764 0.9754 0.6946 
