1.0000	0.7410	0.5530	0.6898	0.5608	0.9662	0.7039	0.7004	0.4878	0.6739	0.7032	0.6995	0.6865	0.5545	0.9696	0.7037	0.6853	0.9704	0.6674	0.9672	0.5454	0.9750	0.5559	0.9664	0.4823	0.5571	0.9684	0.6925	0.7039	0.6961	0.7005	0.6623	0.5566	0.6937	0.5585	0.6994	0.7113	0.5598	0.9760	0.7084	0.9746	0.5604	0.9708	0.5372	0.7016	0.6882	0.7204	0.6945	0.5023	0.5570	0.7115	0.5565	0.9728	0.9674	0.6982	0.6984	0.6990	0.7065	0.9733	0.9738	0.5607	0.7043	0.9678	0.5529	0.7514	0.7287	0.6805	0.7198	0.6981	0.9731	0.9760	0.9679	0.7076	0.4873	0.5574	0.7036	0.4854	0.5585	0.6927	0.9669	0.9707	0.5583	0.7025	0.5392	0.7030	0.9714	0.9731	0.6898	0.5564	0.9663	0.5117	0.9775	0.5587	0.9703	0.9612	0.7077	0.7039	0.5394	0.6953	0.6714
0.7410	1.0000	0.6746	0.8832	0.6859	0.7360	0.6743	0.6776	0.5862	0.7148	0.6789	0.6842	0.7016	0.6774	0.7387	0.6709	0.8744	0.7342	0.7164	0.7328	0.5406	0.7479	0.6788	0.7353	0.5784	0.6800	0.7341	0.8886	0.6719	0.8969	0.6533	0.7197	0.6805	0.8904	0.6820	0.9020	0.6221	0.6842	0.7438	0.6634	0.7398	0.6856	0.7373	0.5328	0.6797	0.8815	0.9448	0.8937	0.5805	0.6798	0.9263	0.6787	0.7368	0.7362	0.6861	0.6841	0.6532	0.6683	0.7429	0.7498	0.5348	0.6775	0.7392	0.6765	0.9631	0.9619	0.8652	0.9441	0.6873	0.7350	0.7411	0.7419	0.6668	0.5849	0.6794	0.6693	0.5822	0.6834	0.8893	0.7359	0.7367	0.6821	0.6658	0.5331	0.9129	0.7399	0.7425	0.8853	0.6796	0.7375	0.5886	0.7374	0.6831	0.7382	0.7355	0.6670	0.6761	0.5409	0.8944	0.7182
0.5530	0.6746	1.0000	0.6875	0.9770	0.5484	0.5377	0.5440	0.7293	0.5595	0.5409	0.5429	0.5554	0.9808	0.5475	0.5379	0.6928	0.5447	0.5630	0.5467	0.6630	0.5539	0.9804	0.5485	0.7214	0.9821	0.5459	0.6882	0.5333	0.6946	0.5882	0.5668	0.9801	0.6925	0.9808	0.6926	0.5019	0.9805	0.5521	0.5277	0.5478	0.9785	0.5467	0.6615	0.5414	0.6900	0.6934	0.6904	0.7274	0.9835	0.6867	0.9808	0.5472	0.5495	0.5453	0.5460	0.5935	0.5349	0.5484	0.5537	0.6561	0.5417	0.5488	0.9826	0.6567	0.6833	0.6852	0.6865	0.5458	0.5481	0.5517	0.5490	0.5334	0.7236	0.9820	0.5337	0.7211	0.9795	0.6897	0.5468	0.5476	0.9792	0.5365	0.6605	0.6924	0.5498	0.5513	0.6919	0.9830	0.5483	0.7229	0.5490	0.9806	0.5495	0.5444	0.5281	0.5395	0.6667	0.6988	0.5648
0.6898	0.8832	0.6875	1.0000	0.6999	0.6860	0.6453	0.6484	0.5868	0.6759	0.6477	0.6525	0.6657	0.6905	0.6886	0.6425	0.9764	0.6847	0.6788	0.6837	0.5407	0.6968	0.6920	0.6865	0.5779	0.6929	0.6844	0.9806	0.6414	0.9766	0.6808	0.6820	0.6932	0.9801	0.6951	0.9729	0.6004	0.6971	0.6932	0.6353	0.6898	0.6986	0.6885	0.5333	0.6489	0.9869	0.9336	0.9749	0.5806	0.6932	0.9508	0.6911	0.6869	0.6873	0.6537	0.6521	0.6824	0.6412	0.6928	0.6976	0.5448	0.6481	0.6889	0.6893	0.8559	0.9164	0.9684	0.9328	0.6545	0.6864	0.6910	0.6924	0.6386	0.5849	0.6933	0.6408	0.5824	0.6969	0.9808	0.6868	0.6871	0.6952	0.6392	0.5334	0.9618	0.6897	0.6917	0.9834	0.6927	0.6877	0.5875	0.6874	0.6965	0.6879	0.6862	0.6378	0.6459	0.5409	0.9751	0.6791
0.5608	0.6859	0.9770	0.6999	1.0000	0.5560	0.5435	0.5499	0.7249	0.5657	0.5469	0.5488	0.5615	0.9811	0.5552	0.5437	0.7055	0.5523	0.5693	0.5543	0.6607	0.5617	0.9832	0.5561	0.7167	0.9802	0.5536	0.7004	0.5391	0.7072	0.5968	0.5732	0.9816	0.7047	0.9825	0.7049	0.5073	0.9820	0.5598	0.5335	0.5554	0.9813	0.5544	0.6586	0.5473	0.7024	0.7055	0.7025	0.7241	0.9815	0.6987	0.9795	0.5548	0.5573	0.5512	0.5520	0.6020	0.5407	0.5561	0.5616	0.6580	0.5476	0.5565	0.9806	0.6673	0.6950	0.6978	0.6985	0.5518	0.5558	0.5595	0.5567	0.5392	0.7193	0.9824	0.5395	0.7169	0.9857	0.7021	0.5545	0.5552	0.9810	0.5422	0.6576	0.7048	0.5576	0.5591	0.7043	0.9813	0.5559	0.7205	0.5565	0.9825	0.5571	0.5520	0.5338	0.5453	0.6641	0.7114	0.5711
0.9662	0.7360	0.5484	0.6860	0.5560	1.0000	0.6948	0.6910	0.4824	0.6651	0.6938	0.6902	0.6772	0.5499	0.9814	0.6942	0.6818	0.9807	0.6585	0.9836	0.5381	0.9746	0.5514	0.9852	0.4771	0.5525	0.9839	0.6889	0.6942	0.6921	0.7005	0.6536	0.5521	0.6900	0.5541	0.6953	0.7166	0.5551	0.9769	0.6995	0.9758	0.5558	0.9808	0.5294	0.6923	0.6846	0.7159	0.6907	0.4949	0.5524	0.7074	0.5519	0.9820	0.9844	0.6889	0.6888	0.6994	0.6975	0.9701	0.9712	0.5586	0.6953	0.9826	0.5482	0.7464	0.7242	0.6771	0.7154	0.6887	0.9789	0.9783	0.9775	0.6991	0.4820	0.5529	0.6941	0.4801	0.5538	0.6890	0.9815	0.9830	0.5536	0.6931	0.5322	0.6987	0.9839	0.9806	0.6861	0.5519	0.9843	0.5041	0.9772	0.5540	0.9843	0.9811	0.6985	0.6950	0.5312	0.6914	0.6624
0.7039	0.6743	0.5377	0.6453	0.5435	0.6948	1.0000	0.9808	0.5486	0.9006	0.9782	0.9731	0.9342	0.5373	0.6957	0.9809	0.6399	0.6976	0.8929	0.6952	0.6805	0.6992	0.5386	0.6952	0.5429	0.5416	0.6947	0.6456	0.9810	0.6497	0.6119	0.8824	0.5405	0.6484	0.5419	0.6526	0.8329	0.5453	0.7006	0.9733	0.7002	0.5440	0.6979	0.6716	0.9784	0.6433	0.6637	0.6517	0.6504	0.5405	0.6597	0.5411	0.6973	0.6939	0.9684	0.9704	0.6097	0.9786	0.7004	0.6999	0.5057	0.9835	0.6957	0.5371	0.6761	0.6682	0.6358	0.6647	0.9672	0.6960	0.6969	0.6980	0.9763	0.5478	0.5399	0.9805	0.5465	0.5418	0.6469	0.6943	0.6966	0.5430	0.9769	0.6707	0.6565	0.6961	0.6958	0.6471	0.5398	0.6971	0.6644	0.6995	0.5430	0.6961	0.6957	0.9775	0.9813	0.6778	0.6485	0.8936
0.7004	0.6776	0.5440	0.6484	0.5499	0.6910	0.9808	1.0000	0.5555	0.9077	0.9814	0.9760	0.9415	0.5436	0.6917	0.9795	0.6433	0.6935	0.9002	0.6913	0.6853	0.6955	0.5449	0.6914	0.5497	0.5478	0.6908	0.6486	0.9765	0.6532	0.6116	0.8897	0.5468	0.6515	0.5482	0.6559	0.8270	0.5516	0.6969	0.9655	0.6961	0.5502	0.6939	0.6763	0.9828	0.6466	0.6671	0.6547	0.6586	0.5467	0.6627	0.5474	0.6934	0.6902	0.9734	0.9770	0.6094	0.9709	0.6962	0.6963	0.5073	0.9819	0.6918	0.5434	0.6789	0.6714	0.6391	0.6676	0.9731	0.6921	0.6932	0.6940	0.9687	0.5547	0.5461	0.9765	0.5534	0.5481	0.6500	0.6903	0.6927	0.5493	0.9730	0.6752	0.6598	0.6922	0.6921	0.6503	0.5461	0.6932	0.6728	0.6956	0.5494	0.6923	0.6916	0.9685	0.9801	0.6828	0.6519	0.9006
0.4878	0.5862	0.7293	0.5868	0.7249	0.4824	0.5486	0.5555	1.0000	0.5723	0.5525	0.5543	0.5672	0.7265	0.4812	0.5490	0.5885	0.4800	0.5753	0.4811	0.6627	0.4872	0.7256	0.4827	0.9780	0.7304	0.4801	0.5866	0.5449	0.5930	0.5050	0.5785	0.7271	0.5912	0.7272	0.5935	0.5010	0.7312	0.4862	0.5394	0.4823	0.7277	0.4811	0.6605	0.5532	0.5882	0.5953	0.5920	0.7296	0.7264	0.5906	0.7303	0.4816	0.4825	0.5574	0.5580	0.5070	0.5453	0.4825	0.4868	0.5598	0.5524	0.4826	0.7282	0.5731	0.5891	0.5829	0.5909	0.5575	0.4815	0.4844	0.4827	0.5441	0.9803	0.7257	0.5451	0.9787	0.7253	0.5883	0.4802	0.4815	0.7306	0.5472	0.6588	0.5950	0.4835	0.4841	0.5915	0.7272	0.4827	0.7238	0.4838	0.7288	0.4833	0.4793	0.5394	0.5510	0.6659	0.5952	0.5758
0.6739	0.7148	0.5595	0.6759	0.5657	0.6651	0.9006	0.9077	0.5723	1.0000	0.9095	0.9213	0.9613	0.5593	0.6667	0.8948	0.6693	0.6667	0.9832	0.6644	0.6522	0.6721	0.5604	0.6651	0.5664	0.5634	0.6646	0.6769	0.8997	0.6817	0.5790	0.9735	0.5626	0.6792	0.5638	0.6854	0.7717	0.5675	0.6719	0.8809	0.6703	0.5663	0.6676	0.6435	0.9120	0.6739	0.6999	0.6834	0.6669	0.5623	0.6941	0.5629	0.6673	0.6641	0.9263	0.9219	0.5771	0.8869	0.6715	0.6737	0.4783	0.9045	0.6670	0.5594	0.7178	0.7062	0.6649	0.7007	0.9279	0.6650	0.6679	0.6693	0.8856	0.5718	0.5615	0.8937	0.5701	0.5641	0.6780	0.6645	0.6667	0.5650	0.8865	0.6424	0.6901	0.6672	0.6677	0.6778	0.5619	0.6676	0.6811	0.6693	0.5652	0.6669	0.6660	0.8880	0.9046	0.6528	0.6799	0.9799
0.7032	0.6789	0.5409	0.6477	0.5469	0.6938	0.9782	0.9814	0.5525	0.9095	1.0000	0.9802	0.9434	0.5406	0.6948	0.9767	0.6425	0.6964	0.9017	0.6941	0.6803	0.6985	0.5419	0.6942	0.5468	0.5447	0.6937	0.6481	0.9772	0.6526	0.6093	0.8909	0.5438	0.6509	0.5451	0.6556	0.8281	0.5486	0.6997	0.9652	0.6990	0.5473	0.6968	0.6712	0.9832	0.6458	0.6673	0.6542	0.6539	0.5437	0.6628	0.5444	0.6963	0.6931	0.9763	0.9778	0.6069	0.9703	0.6992	0.6993	0.5051	0.9789	0.6949	0.5404	0.6809	0.6720	0.6383	0.6680	0.9750	0.6950	0.6960	0.6970	0.9685	0.5518	0.5431	0.9746	0.5506	0.5451	0.6494	0.6933	0.6956	0.5463	0.9676	0.6703	0.6594	0.6951	0.6950	0.6495	0.5431	0.6962	0.6680	0.6985	0.5462	0.6951	0.6946	0.9698	0.9818	0.6777	0.6511	0.9028
0.6995	0.6842	0.5429	0.6525	0.5488	0.6902	0.9731	0.9760	0.5543	0.9213	0.9802	1.0000	0.9547	0.5425	0.6915	0.9681	0.6468	0.6928	0.9137	0.6904	0.6759	0.6953	0.5437	0.6904	0.5484	0.5466	0.6901	0.6530	0.9722	0.6572	0.6048	0.9030	0.5457	0.6555	0.5470	0.6604	0.8207	0.5505	0.6963	0.9553	0.6956	0.5492	0.6933	0.6671	0.9808	0.6505	0.6724	0.6591	0.6555	0.5456	0.6679	0.5462	0.6928	0.6894	0.9834	0.9801	0.6027	0.9601	0.6961	0.6963	0.5006	0.9730	0.6914	0.5423	0.6866	0.6775	0.6426	0.6734	0.9816	0.6913	0.6926	0.6937	0.9590	0.5535	0.5450	0.9669	0.5522	0.5471	0.6543	0.6897	0.6920	0.5482	0.9588	0.6661	0.6644	0.6916	0.6916	0.6542	0.5450	0.6927	0.6695	0.6949	0.5482	0.6916	0.6912	0.9615	0.9753	0.6742	0.6558	0.9144
0.6865	0.7016	0.5554	0.6657	0.5615	0.6772	0.9342	0.9415	0.5672	0.9613	0.9434	0.9547	1.0000	0.5551	0.6785	0.9290	0.6597	0.6791	0.9537	0.6769	0.6688	0.6833	0.5563	0.6772	0.5614	0.5592	0.6768	0.6665	0.9337	0.6713	0.5920	0.9433	0.5584	0.6689	0.5597	0.6745	0.7947	0.5633	0.6836	0.9142	0.6824	0.5619	0.6798	0.6600	0.9459	0.6638	0.6882	0.6728	0.6676	0.5581	0.6826	0.5588	0.6795	0.6762	0.9591	0.9553	0.5901	0.9207	0.6833	0.6846	0.4907	0.9383	0.6786	0.5550	0.7042	0.6938	0.6554	0.6889	0.9611	0.6777	0.6798	0.6810	0.9188	0.5666	0.5575	0.9274	0.5651	0.5598	0.6676	0.6765	0.6789	0.5608	0.9204	0.6589	0.6790	0.6790	0.6793	0.6676	0.5577	0.6795	0.6821	0.6816	0.5610	0.6787	0.6778	0.9212	0.9388	0.6685	0.6696	0.9549
0.5545	0.6774	0.9808	0.6905	0.9811	0.5499	0.5373	0.5436	0.7265	0.5593	0.5406	0.5425	0.5551	1.0000	0.5490	0.5375	0.6960	0.5462	0.5629	0.5481	0.6598	0.5554	0.9860	0.5499	0.7186	0.9818	0.5474	0.6912	0.5329	0.6976	0.5895	0.5667	0.9813	0.6954	0.9810	0.6955	0.5018	0.9786	0.5536	0.5274	0.5493	0.9793	0.5482	0.6582	0.5410	0.6931	0.6964	0.6930	0.7240	0.9838	0.6895	0.9801	0.5486	0.5510	0.5450	0.5458	0.5948	0.5344	0.5499	0.5554	0.6581	0.5414	0.5503	0.9846	0.6594	0.6862	0.6885	0.6894	0.5455	0.5496	0.5533	0.5504	0.5330	0.7209	0.9825	0.5333	0.7184	0.9814	0.6928	0.5483	0.5491	0.9801	0.5359	0.6572	0.6954	0.5514	0.5529	0.6948	0.9830	0.5497	0.7196	0.5503	0.9803	0.5510	0.5458	0.5276	0.5391	0.6635	0.7018	0.5647
0.9696	0.7387	0.5475	0.6886	0.5552	0.9814	0.6957	0.6917	0.4812	0.6667	0.6948	0.6915	0.6785	0.5490	1.0000	0.6951	0.6842	0.9823	0.6601	0.9811	0.5360	0.9789	0.5504	0.9802	0.4758	0.5516	0.9829	0.6915	0.6954	0.6945	0.6985	0.6553	0.5511	0.6924	0.5531	0.6978	0.7144	0.5541	0.9784	0.7002	0.9802	0.5549	0.9837	0.5275	0.6932	0.6870	0.7184	0.6933	0.4938	0.5516	0.7101	0.5508	0.9823	0.9816	0.6900	0.6898	0.6975	0.6983	0.9769	0.9777	0.5573	0.6961	0.9818	0.5473	0.7494	0.7270	0.6796	0.7182	0.6897	0.9802	0.9797	0.9829	0.6998	0.4808	0.5520	0.6950	0.4788	0.5529	0.6918	0.9820	0.9859	0.5527	0.6937	0.5301	0.7013	0.9840	0.9832	0.6884	0.5510	0.9808	0.5030	0.9802	0.5530	0.9845	0.9799	0.6996	0.6958	0.5296	0.6938	0.6640
0.7037	0.6709	0.5379	0.6425	0.5437	0.6942	0.9809	0.9795	0.5490	0.8948	0.9767	0.9681	0.9290	0.5375	0.6951	1.0000	0.6373	0.6971	0.8870	0.6947	0.6847	0.6985	0.5387	0.6947	0.5433	0.5416	0.6941	0.6427	0.9818	0.6471	0.6138	0.8764	0.5406	0.6456	0.5420	0.6499	0.8331	0.5454	0.6998	0.9773	0.6995	0.5440	0.6973	0.6758	0.9774	0.6407	0.6606	0.6489	0.6517	0.5406	0.6566	0.5412	0.6967	0.6935	0.9641	0.9672	0.6114	0.9823	0.6995	0.6991	0.5081	0.9785	0.6950	0.5372	0.6723	0.6650	0.6334	0.6614	0.9627	0.6956	0.6964	0.6973	0.9798	0.5483	0.5400	0.9848	0.5470	0.5419	0.6441	0.6937	0.6959	0.5431	0.9790	0.6747	0.6536	0.6954	0.6952	0.6444	0.5399	0.6966	0.6656	0.6990	0.5431	0.6954	0.6949	0.9776	0.9801	0.6817	0.6457	0.8879
0.6853	0.8744	0.6928	0.9764	0.7055	0.6818	0.6399	0.6433	0.5885	0.6693	0.6425	0.6468	0.6597	0.6960	0.6842	0.6373	1.0000	0.6802	0.6723	0.6795	0.5427	0.6922	0.6977	0.6823	0.5798	0.6982	0.6800	0.9720	0.6359	0.9711	0.6846	0.6754	0.6988	0.9727	0.7007	0.9621	0.5981	0.7023	0.6887	0.6300	0.6852	0.7039	0.6840	0.5353	0.6434	0.9801	0.9246	0.9643	0.5824	0.6988	0.9401	0.6964	0.6824	0.6833	0.6480	0.6466	0.6863	0.6362	0.6880	0.6930	0.5491	0.6428	0.6846	0.6948	0.8463	0.9066	0.9763	0.9227	0.6489	0.6824	0.6868	0.6880	0.6334	0.5867	0.6991	0.6356	0.5842	0.7024	0.9719	0.6826	0.6828	0.7007	0.6341	0.5355	0.9514	0.6853	0.6874	0.9750	0.6982	0.6832	0.5892	0.6831	0.7020	0.6835	0.6816	0.6324	0.6406	0.5427	0.9709	0.6726
0.9704	0.7342	0.5447	0.6847	0.5523	0.9807	0.6976	0.6935	0.4800	0.6667	0.6964	0.6928	0.6791	0.5462	0.9823	0.6971	0.6802	1.0000	0.6600	0.9789	0.5374	0.9779	0.5475	0.9784	0.4746	0.5488	0.9818	0.6877	0.6973	0.6906	0.6982	0.6550	0.5484	0.6886	0.5503	0.6939	0.7160	0.5514	0.9793	0.7025	0.9799	0.5520	0.9816	0.5289	0.6948	0.6831	0.7142	0.6895	0.4934	0.5487	0.7061	0.5481	0.9836	0.9783	0.6912	0.6911	0.6970	0.7003	0.9769	0.9749	0.5572	0.6978	0.9809	0.5445	0.7449	0.7227	0.6756	0.7140	0.6910	0.9802	0.9790	0.9787	0.7018	0.4796	0.5491	0.6971	0.4776	0.5500	0.6877	0.9799	0.9835	0.5500	0.6959	0.5315	0.6973	0.9808	0.9793	0.6846	0.5480	0.9811	0.5026	0.9812	0.5503	0.9826	0.9792	0.7017	0.6976	0.5308	0.6899	0.6641
0.6674	0.7164	0.5630	0.6788	0.5693	0.6585	0.8929	0.9002	0.5753	0.9832	0.9017	0.9137	0.9537	0.5629	0.6601	0.8870	0.6723	0.6600	1.0000	0.6577	0.6521	0.6657	0.5639	0.6584	0.5693	0.5668	0.6579	0.6798	0.8916	0.6846	0.5762	0.9802	0.5662	0.6820	0.5673	0.6880	0.7638	0.5711	0.6654	0.8727	0.6638	0.5699	0.6610	0.6436	0.9042	0.6768	0.7023	0.6861	0.6711	0.5657	0.6966	0.5664	0.6607	0.6576	0.9180	0.9139	0.5745	0.8791	0.6650	0.6674	0.4779	0.8968	0.6604	0.5629	0.7190	0.7083	0.6677	0.7030	0.9202	0.6585	0.6614	0.6629	0.8776	0.5747	0.5649	0.8861	0.5730	0.5677	0.6807	0.6579	0.6601	0.5686	0.8792	0.6423	0.6929	0.6607	0.6612	0.6807	0.5654	0.6610	0.6853	0.6627	0.5687	0.6603	0.6594	0.8798	0.8967	0.6532	0.6828	0.9815
0.9672	0.7328	0.5467	0.6837	0.5543	0.9836	0.6952	0.6913	0.4811	0.6644	0.6941	0.6904	0.6769	0.5481	0.9811	0.6947	0.6795	0.9789	0.6577	1.0000	0.5385	0.9737	0.5496	0.9852	0.4757	0.5508	0.9832	0.6864	0.6948	0.6896	0.7012	0.6528	0.5503	0.6874	0.5523	0.6927	0.7182	0.5533	0.9755	0.7000	0.9728	0.5540	0.9814	0.5298	0.6926	0.6822	0.7130	0.6879	0.4943	0.5507	0.7047	0.5501	0.9824	0.9855	0.6890	0.6890	0.7001	0.6980	0.9693	0.9705	0.5599	0.6957	0.9825	0.5465	0.7431	0.7213	0.6748	0.7126	0.6888	0.9789	0.9786	0.9785	0.6997	0.4807	0.5513	0.6945	0.4787	0.5521	0.6866	0.9844	0.9818	0.5519	0.6934	0.5327	0.6960	0.9802	0.9804	0.6835	0.5501	0.9844	0.5035	0.9795	0.5523	0.9832	0.9815	0.6991	0.6953	0.5316	0.6889	0.6617
0.5454	0.5406	0.6630	0.5407	0.6607	0.5381	0.6805	0.6853	0.6627	0.6522	0.6803	0.6759	0.6688	0.6598	0.5360	0.6847	0.5427	0.5374	0.6521	0.5385	1.0000	0.5389	0.6605	0.5388	0.6582	0.6634	0.5367	0.5405	0.6767	0.5462	0.5671	0.6501	0.6617	0.5448	0.6621	0.5461	0.6494	0.6644	0.5406	0.6780	0.5382	0.6615	0.5374	0.9759	0.6795	0.5414	0.5484	0.5455	0.8394	0.6619	0.5430	0.6640	0.5379	0.5384	0.6767	0.6807	0.5702	0.6830	0.5369	0.5379	0.6314	0.6828	0.5371	0.6603	0.5302	0.5430	0.5368	0.5443	0.6763	0.5391	0.5395	0.5369	0.6829	0.6586	0.6614	0.6799	0.6585	0.6606	0.5419	0.5360	0.5377	0.6633	0.6876	0.9732	0.5467	0.5379	0.5375	0.5446	0.6612	0.5383	0.8421	0.5406	0.6625	0.5385	0.5346	0.6744	0.6810	0.9710	0.5485	0.6538
0.9750	0.7479	0.5539	0.6968	0.5617	0.9746	0.6992	0.6955	0.4872	0.6721	0.6985	0.6953	0.6833	0.5554	0.9789	0.6985	0.6922	0.9779	0.6657	0.9737	0.5389	1.0000	0.5569	0.9746	0.4816	0.5580	0.9767	0.6997	0.6989	0.7030	0.7001	0.6609	0.5576	0.7008	0.5596	0.7062	0.7115	0.5607	0.9822	0.7032	0.9784	0.5614	0.9797	0.5305	0.6970	0.6952	0.7273	0.7015	0.4989	0.5580	0.7189	0.5574	0.9805	0.9765	0.6940	0.6938	0.6989	0.7015	0.9798	0.9831	0.5586	0.6997	0.9791	0.5538	0.7588	0.7360	0.6874	0.7271	0.6939	0.9770	0.9825	0.9807	0.7028	0.4867	0.5584	0.6984	0.4847	0.5594	0.6999	0.9769	0.9790	0.5593	0.6970	0.5329	0.7098	0.9794	0.9820	0.6967	0.5573	0.9772	0.5082	0.9805	0.5597	0.9797	0.9737	0.7027	0.6993	0.5328	0.7021	0.6696
0.5559	0.6788	0.9804	0.6920	0.9832	0.5514	0.5386	0.5449	0.7256	0.5604	0.5419	0.5437	0.5563	0.9860	0.5504	0.5387	0.6977	0.5475	0.5639	0.5496	0.6605	0.5569	1.0000	0.5514	0.7176	0.9820	0.5489	0.6927	0.5341	0.6993	0.5924	0.5677	0.9851	0.6969	0.9824	0.6972	0.5032	0.9807	0.5550	0.5286	0.5507	0.9822	0.5496	0.6587	0.5422	0.6946	0.6980	0.6947	0.7240	0.9834	0.6911	0.9818	0.5501	0.5525	0.5462	0.5470	0.5977	0.5357	0.5513	0.5568	0.6586	0.5426	0.5518	0.9838	0.6606	0.6877	0.6901	0.6909	0.5467	0.5511	0.5547	0.5519	0.5343	0.7200	0.9837	0.5345	0.7175	0.9833	0.6944	0.5498	0.5505	0.9811	0.5372	0.6578	0.6970	0.5529	0.5543	0.6964	0.9844	0.5512	0.7198	0.5517	0.9826	0.5524	0.5472	0.5289	0.5403	0.6640	0.7034	0.5657
0.9664	0.7353	0.5485	0.6865	0.5561	0.9852	0.6952	0.6914	0.4827	0.6651	0.6942	0.6904	0.6772	0.5499	0.9802	0.6947	0.6823	0.9784	0.6584	0.9852	0.5388	0.9746	0.5514	1.0000	0.4773	0.5526	0.9842	0.6892	0.6947	0.6925	0.7025	0.6534	0.5521	0.6903	0.5541	0.6956	0.7177	0.5552	0.9761	0.6999	0.9756	0.5558	0.9824	0.5301	0.6926	0.6852	0.7158	0.6910	0.4952	0.5525	0.7076	0.5520	0.9813	0.9850	0.6892	0.6890	0.7015	0.6979	0.9699	0.9707	0.5597	0.6957	0.9832	0.5483	0.7453	0.7239	0.6778	0.7154	0.6888	0.9782	0.9780	0.9792	0.6996	0.4823	0.5530	0.6944	0.4804	0.5539	0.6895	0.9834	0.9829	0.5536	0.6934	0.5330	0.6990	0.9823	0.9788	0.6864	0.5520	0.9843	0.5043	0.9774	0.5540	0.9825	0.9819	0.6991	0.6953	0.5319	0.6918	0.6623
0.4823	0.5784	0.7214	0.5779	0.7167	0.4771	0.5429	0.5497	0.9780	0.5664	0.5468	0.5484	0.5614	0.7186	0.4758	0.5433	0.5798	0.4746	0.5693	0.4757	0.6582	0.4816	0.7176	0.4773	1.0000	0.7222	0.4747	0.5778	0.5392	0.5842	0.4986	0.5723	0.7189	0.5825	0.7192	0.5846	0.4960	0.7229	0.4807	0.5339	0.4768	0.7193	0.4757	0.6562	0.5475	0.5795	0.5868	0.5832	0.7242	0.7184	0.5822	0.7223	0.4762	0.4770	0.5517	0.5523	0.5004	0.5397	0.4771	0.4812	0.5549	0.5466	0.4771	0.7203	0.5657	0.5808	0.5744	0.5824	0.5518	0.4761	0.4790	0.4772	0.5385	0.9817	0.7176	0.5394	0.9816	0.7170	0.5795	0.4748	0.4761	0.7225	0.5413	0.6544	0.5862	0.4780	0.4786	0.5826	0.7190	0.4772	0.7181	0.4783	0.7205	0.4778	0.4738	0.5338	0.5454	0.6615	0.5863	0.5698
0.5571	0.6800	0.9821	0.6929	0.9802	0.5525	0.5416	0.5478	0.7304	0.5634	0.5447	0.5466	0.5592	0.9818	0.5516	0.5416	0.6982	0.5488	0.5668	0.5508	0.6634	0.5580	0.9820	0.5526	0.7222	1.0000	0.5500	0.6936	0.5370	0.7002	0.5920	0.5707	0.9841	0.6980	0.9830	0.6983	0.5052	0.9835	0.5563	0.5315	0.5518	0.9836	0.5508	0.6616	0.5452	0.6954	0.6991	0.6959	0.7272	0.9827	0.6923	0.9842	0.5513	0.5535	0.5491	0.5499	0.5973	0.5387	0.5525	0.5579	0.6578	0.5456	0.5529	0.9839	0.6618	0.6888	0.6905	0.6921	0.5496	0.5521	0.5558	0.5530	0.5372	0.7245	0.9810	0.5374	0.7222	0.9824	0.6951	0.5508	0.5516	0.9857	0.5402	0.6608	0.6982	0.5539	0.5554	0.6974	0.9826	0.5523	0.7231	0.5529	0.9842	0.5536	0.5485	0.5318	0.5432	0.6669	0.7043	0.5687
0.9684	0.7341	0.5459	0.6844	0.5536	0.9839	0.6947	0.6908	0.4801	0.6646	0.6937	0.6901	0.6768	0.5474	0.9829	0.6941	0.6800	0.9818	0.6579	0.9832	0.5367	0.9767	0.5489	0.9842	0.4747	0.5500	1.0000	0.6872	0.6945	0.6903	0.6994	0.6529	0.5495	0.6880	0.5516	0.6936	0.7161	0.5526	0.9773	0.6995	0.9778	0.5533	0.9830	0.5281	0.6922	0.6829	0.7140	0.6889	0.4930	0.5500	0.7056	0.5494	0.9844	0.9846	0.6887	0.6886	0.6983	0.6974	0.9733	0.9737	0.5585	0.6952	0.9823	0.5457	0.7448	0.7224	0.6754	0.7136	0.6884	0.9797	0.9801	0.9816	0.6991	0.4797	0.5504	0.6941	0.4777	0.5513	0.6873	0.9841	0.9856	0.5511	0.6929	0.5309	0.6970	0.9838	0.9810	0.6842	0.5494	0.9853	0.5023	0.9792	0.5514	0.9840	0.9806	0.6988	0.6948	0.5300	0.6896	0.6618
0.6925	0.8886	0.6882	0.9806	0.7004	0.6889	0.6456	0.6486	0.5866	0.6769	0.6481	0.6530	0.6665	0.6912	0.6915	0.6427	0.9720	0.6877	0.6798	0.6864	0.5405	0.6997	0.6927	0.6892	0.5778	0.6936	0.6872	1.0000	0.6418	0.9785	0.6789	0.6831	0.6941	0.9779	0.6958	0.9753	0.6009	0.6977	0.6962	0.6354	0.6926	0.6994	0.6913	0.5332	0.6493	0.9796	0.9388	0.9757	0.5807	0.6938	0.9550	0.6917	0.6897	0.6900	0.6541	0.6525	0.6806	0.6414	0.6957	0.7007	0.5442	0.6484	0.6919	0.6900	0.8618	0.9226	0.9630	0.9375	0.6551	0.6894	0.6941	0.6951	0.6388	0.5847	0.6939	0.6410	0.5821	0.6975	0.9783	0.6896	0.6900	0.6960	0.6393	0.5333	0.9647	0.6926	0.6946	0.9793	0.6934	0.6905	0.5877	0.6903	0.6971	0.6908	0.6888	0.6380	0.6463	0.5409	0.9768	0.6804
0.7039	0.6719	0.5333	0.6414	0.5391	0.6942	0.9810	0.9765	0.5449	0.8997	0.9772	0.9722	0.9337	0.5329	0.6954	0.9818	0.6359	0.6973	0.8916	0.6948	0.6767	0.6989	0.5341	0.6947	0.5392	0.5370	0.6945	0.6418	1.0000	0.6460	0.6084	0.8809	0.5360	0.6444	0.5374	0.6490	0.8299	0.5408	0.7001	0.9734	0.6998	0.5395	0.6976	0.6679	0.9789	0.6394	0.6604	0.6479	0.6461	0.5360	0.6563	0.5366	0.6970	0.6935	0.9679	0.9691	0.6060	0.9760	0.7001	0.6997	0.5021	0.9773	0.6952	0.5326	0.6743	0.6654	0.6319	0.6614	0.9662	0.6956	0.6965	0.6977	0.9751	0.5442	0.5355	0.9827	0.5428	0.5373	0.6431	0.6938	0.6962	0.5385	0.9727	0.6669	0.6528	0.6956	0.6954	0.6432	0.5354	0.6967	0.6601	0.6993	0.5386	0.6957	0.6953	0.9788	0.9796	0.6742	0.6445	0.8923
0.6961	0.8969	0.6946	0.9766	0.7072	0.6921	0.6497	0.6532	0.5930	0.6817	0.6526	0.6572	0.6713	0.6976	0.6945	0.6471	0.9711	0.6906	0.6846	0.6896	0.5462	0.7030	0.6993	0.6925	0.5842	0.7002	0.6903	0.9785	0.6460	1.0000	0.6807	0.6879	0.7006	0.9798	0.7025	0.9796	0.6043	0.7045	0.6992	0.6394	0.6957	0.7059	0.6943	0.5388	0.6537	0.9761	0.9477	0.9769	0.5869	0.7005	0.9622	0.6985	0.6929	0.6933	0.6587	0.6571	0.6821	0.6455	0.6987	0.7038	0.5484	0.6528	0.6950	0.6966	0.8683	0.9297	0.9592	0.9456	0.6595	0.6924	0.6972	0.6982	0.6430	0.5911	0.7005	0.6452	0.5886	0.7042	0.9785	0.6927	0.6931	0.7026	0.6435	0.5389	0.9740	0.6958	0.6979	0.9795	0.7000	0.6936	0.5941	0.6934	0.7038	0.6939	0.6918	0.6420	0.6507	0.5464	0.9822	0.6852
0.7005	0.6533	0.5882	0.6808	0.5968	0.7005	0.6119	0.6116	0.5050	0.5790	0.6093	0.6048	0.5920	0.5895	0.6985	0.6138	0.6846	0.6982	0.5762	0.7012	0.5671	0.7001	0.5924	0.7025	0.4986	0.5920	0.6994	0.6789	0.6084	0.6807	1.0000	0.5720	0.5925	0.6813	0.5946	0.6795	0.6285	0.5950	0.7008	0.6152	0.6992	0.5952	0.7009	0.5584	0.6088	0.6820	0.6711	0.6798	0.5210	0.5922	0.6734	0.5917	0.6999	0.7025	0.6041	0.6063	0.9758	0.6170	0.6978	0.6974	0.6357	0.6130	0.6996	0.5877	0.6397	0.6638	0.6832	0.6688	0.6033	0.7018	0.7020	0.7006	0.6160	0.5034	0.5936	0.6118	0.5031	0.5944	0.6803	0.6998	0.6997	0.5938	0.6152	0.5615	0.6768	0.7008	0.7001	0.6820	0.5919	0.7001	0.5273	0.6998	0.5945	0.6992	0.6979	0.6119	0.6107	0.5580	0.6821	0.5776
0.6623	0.7197	0.5668	0.6820	0.5732	0.6536	0.8824	0.8897	0.5785	0.9735	0.8909	0.9030	0.9433	0.5667	0.6553	0.8764	0.6754	0.6550	0.9802	0.6528	0.6501	0.6609	0.5677	0.6534	0.5723	0.5707	0.6529	0.6831	0.8809	0.6879	0.5720	1.0000	0.5700	0.6853	0.5711	0.6914	0.7568	0.5749	0.6604	0.8618	0.6587	0.5738	0.6560	0.6415	0.8933	0.6799	0.7057	0.6895	0.6742	0.5696	0.6998	0.5702	0.6557	0.6526	0.9070	0.9027	0.5705	0.8686	0.6601	0.6627	0.4755	0.8864	0.6556	0.5669	0.7222	0.7117	0.6708	0.7065	0.9090	0.6533	0.6565	0.6579	0.8671	0.5777	0.5688	0.8750	0.5760	0.5716	0.6840	0.6530	0.6551	0.5725	0.8690	0.6403	0.6963	0.6556	0.6564	0.6840	0.5693	0.6561	0.6885	0.6576	0.5726	0.6554	0.6545	0.8690	0.8862	0.6515	0.6862	0.9772
0.5566	0.6805	0.9801	0.6932	0.9816	0.5521	0.5405	0.5468	0.7271	0.5626	0.5438	0.5457	0.5584	0.9813	0.5511	0.5406	0.6988	0.5484	0.5662	0.5503	0.6617	0.5576	0.9851	0.5521	0.7189	0.9841	0.5495	0.6941	0.5360	0.7006	0.5925	0.5700	1.0000	0.6983	0.9833	0.6986	0.5044	0.9824	0.5558	0.5304	0.5514	0.9832	0.5503	0.6597	0.5442	0.6959	0.6995	0.6962	0.7257	0.9825	0.6926	0.9847	0.5508	0.5532	0.5481	0.5490	0.5977	0.5376	0.5520	0.5575	0.6569	0.5445	0.5525	0.9827	0.6623	0.6892	0.6909	0.6925	0.5487	0.5517	0.5554	0.5526	0.5362	0.7212	0.9795	0.5364	0.7189	0.9827	0.6955	0.5504	0.5512	0.9833	0.5391	0.6588	0.6985	0.5535	0.5550	0.6977	0.9811	0.5519	0.7217	0.5525	0.9819	0.5531	0.5480	0.5307	0.5423	0.6649	0.7047	0.5681
0.6937	0.8904	0.6925	0.9801	0.7047	0.6900	0.6484	0.6515	0.5912	0.6792	0.6509	0.6555	0.6689	0.6954	0.6924	0.6456	0.9727	0.6886	0.6820	0.6874	0.5448	0.7008	0.6969	0.6903	0.5825	0.6980	0.6880	0.9779	0.6444	0.9798	0.6813	0.6853	0.6983	1.0000	0.7002	0.9751	0.6031	0.7022	0.6971	0.6382	0.6937	0.7036	0.6923	0.5374	0.6520	0.9793	0.9408	0.9788	0.5847	0.6982	0.9583	0.6962	0.6907	0.6911	0.6569	0.6552	0.6829	0.6445	0.6967	0.7015	0.5476	0.6513	0.6928	0.6944	0.8620	0.9231	0.9627	0.9405	0.6577	0.6902	0.6950	0.6960	0.6417	0.5895	0.6982	0.6438	0.5868	0.7018	0.9811	0.6905	0.6909	0.7004	0.6423	0.5375	0.9684	0.6935	0.6955	0.9824	0.6976	0.6915	0.5918	0.6912	0.7014	0.6918	0.6899	0.6409	0.6490	0.5449	0.9799	0.6826
0.5585	0.6820	0.9808	0.6951	0.9825	0.5541	0.5419	0.5482	0.7272	0.5638	0.5451	0.5470	0.5597	0.9810	0.5531	0.5420	0.7007	0.5503	0.5673	0.5523	0.6621	0.5596	0.9824	0.5541	0.7192	0.9830	0.5516	0.6958	0.5374	0.7025	0.5946	0.5711	0.9833	0.7002	1.0000	0.7004	0.5062	0.9839	0.5578	0.5319	0.5533	0.9824	0.5523	0.6603	0.5456	0.6977	0.7011	0.6981	0.7255	0.9828	0.6943	0.9820	0.5528	0.5552	0.5495	0.5503	0.5998	0.5390	0.5540	0.5594	0.6576	0.5460	0.5545	0.9817	0.6636	0.6908	0.6929	0.6941	0.5500	0.5537	0.5573	0.5546	0.5376	0.7215	0.9816	0.5379	0.7191	0.9839	0.6974	0.5524	0.5532	0.9813	0.5406	0.6593	0.7003	0.5555	0.5570	0.6996	0.9843	0.5539	0.7217	0.5545	0.9836	0.5552	0.5500	0.5322	0.5437	0.6655	0.7066	0.5692
0.6994	0.9020	0.6926	0.9729	0.7049	0.6953	0.6526	0.6559	0.5935	0.6854	0.6556	0.6604	0.6745	0.6955	0.6978	0.6499	0.9621	0.6939	0.6880	0.6927	0.5461	0.7062	0.6972	0.6956	0.5846	0.6983	0.6936	0.9753	0.6490	0.9796	0.6795	0.6914	0.6986	0.9751	0.7004	1.0000	0.6056	0.7025	0.7026	0.6424	0.6989	0.7040	0.6974	0.5385	0.6567	0.9715	0.9518	0.9793	0.5865	0.6982	0.9667	0.6965	0.6961	0.6963	0.6619	0.6602	0.6808	0.6483	0.7019	0.7071	0.5477	0.6557	0.6984	0.6945	0.8738	0.9344	0.9518	0.9498	0.6627	0.6954	0.7004	0.7013	0.6459	0.5915	0.6982	0.6481	0.5891	0.7021	0.9750	0.6958	0.6962	0.7006	0.6463	0.5387	0.9761	0.6990	0.7010	0.9760	0.6979	0.6969	0.5938	0.6967	0.7017	0.6972	0.6952	0.6451	0.6536	0.5463	0.9759	0.6886
0.7113	0.6221	0.5019	0.6004	0.5073	0.7166	0.8329	0.8270	0.5010	0.7717	0.8281	0.8207	0.7947	0.5018	0.7144	0.8331	0.5981	0.7160	0.7638	0.7182	0.6494	0.7115	0.5032	0.7177	0.4960	0.5052	0.7161	0.6009	0.8299	0.6043	0.6285	0.7568	0.5044	0.6031	0.5062	0.6056	1.0000	0.5082	0.7133	0.8423	0.7140	0.5073	0.7163	0.6374	0.8269	0.5991	0.6143	0.6042	0.5907	0.5052	0.6107	0.5049	0.7153	0.7162	0.8185	0.8187	0.6286	0.8391	0.7119	0.7107	0.5186	0.8327	0.7155	0.5009	0.6242	0.6181	0.5948	0.6151	0.8167	0.7135	0.7123	0.7158	0.8455	0.5006	0.5054	0.8314	0.4994	0.5054	0.6024	0.7166	0.7160	0.5066	0.8332	0.6429	0.6075	0.7137	0.7126	0.6014	0.5042	0.7188	0.6030	0.7148	0.5065	0.7153	0.7186	0.8380	0.8335	0.6389	0.6033	0.7654
0.5598	0.6842	0.9805	0.6971	0.9820	0.5551	0.5453	0.5516	0.7312	0.5675	0.5486	0.5505	0.5633	0.9786	0.5541	0.5454	0.7023	0.5514	0.5711	0.5533	0.6644	0.5607	0.9807	0.5552	0.7229	0.9835	0.5526	0.6977	0.5408	0.7045	0.5950	0.5749	0.9824	0.7022	0.9839	0.7025	0.5082	1.0000	0.5589	0.5352	0.5545	0.9819	0.5534	0.6624	0.5490	0.6996	0.7033	0.7003	0.7287	0.9817	0.6966	0.9835	0.5539	0.5561	0.5530	0.5538	0.6002	0.5424	0.5551	0.5605	0.6570	0.5494	0.5555	0.9788	0.6658	0.6930	0.6946	0.6963	0.5534	0.5546	0.5583	0.5557	0.5409	0.7255	0.9794	0.5413	0.7230	0.9826	0.6994	0.5534	0.5542	0.9813	0.5440	0.6614	0.7026	0.5566	0.5580	0.7017	0.9816	0.5550	0.7249	0.5556	0.9835	0.5561	0.5511	0.5355	0.5471	0.6678	0.7086	0.5729
0.9760	0.7438	0.5521	0.6932	0.5598	0.9769	0.7006	0.6969	0.4862	0.6719	0.6997	0.6963	0.6836	0.5536	0.9784	0.6998	0.6887	0.9793	0.6654	0.9755	0.5406	0.9822	0.5550	0.9761	0.4807	0.5563	0.9773	0.6962	0.7001	0.6992	0.7008	0.6604	0.5558	0.6971	0.5578	0.7026	0.7133	0.5589	1.0000	0.7047	0.9814	0.5596	0.9813	0.5323	0.6982	0.6917	0.7235	0.6979	0.4991	0.5561	0.7151	0.5556	0.9803	0.9757	0.6949	0.6948	0.6995	0.7030	0.9805	0.9827	0.5582	0.7010	0.9799	0.5520	0.7545	0.7320	0.6840	0.7231	0.6948	0.9810	0.9836	0.9790	0.7042	0.4858	0.5565	0.6999	0.4837	0.5576	0.6962	0.9763	0.9802	0.5574	0.6987	0.5346	0.7061	0.9818	0.9835	0.6932	0.5556	0.9775	0.5083	0.9830	0.5577	0.9812	0.9736	0.7043	0.7006	0.5344	0.6985	0.6694
0.7084	0.6634	0.5277	0.6353	0.5335	0.6995	0.9733	0.9655	0.5394	0.8809	0.9652	0.9553	0.9142	0.5274	0.7002	0.9773	0.6300	0.7025	0.8727	0.7000	0.6780	0.7032	0.5286	0.6999	0.5339	0.5315	0.6995	0.6354	0.9734	0.6394	0.6152	0.8618	0.5304	0.6382	0.5319	0.6424	0.8423	0.5352	0.7047	1.0000	0.7046	0.5337	0.7027	0.6691	0.9632	0.6334	0.6529	0.6415	0.6391	0.5304	0.6492	0.5310	0.7020	0.6987	0.9508	0.9530	0.6126	0.9813	0.7045	0.7035	0.5071	0.9684	0.7001	0.5269	0.6653	0.6574	0.6263	0.6538	0.9487	0.7009	0.7013	0.7024	0.9808	0.5388	0.5299	0.9799	0.5376	0.5317	0.6369	0.6989	0.7012	0.5328	0.9764	0.6683	0.6459	0.7004	0.7000	0.6370	0.5298	0.7018	0.6529	0.7042	0.5329	0.7005	0.7005	0.9797	0.9695	0.6745	0.6381	0.8733
0.9746	0.7398	0.5478	0.6898	0.5554	0.9758	0.7002	0.6961	0.4823	0.6703	0.6990	0.6956	0.6824	0.5493	0.9802	0.6995	0.6852	0.9799	0.6638	0.9728	0.5382	0.9784	0.5507	0.9756	0.4768	0.5518	0.9778	0.6926	0.6998	0.6957	0.6992	0.6587	0.5514	0.6937	0.5533	0.6989	0.7140	0.5545	0.9814	0.7046	1.0000	0.5551	0.9823	0.5299	0.6974	0.6883	0.7196	0.6944	0.4957	0.5518	0.7114	0.5512	0.9805	0.9741	0.6942	0.6940	0.6979	0.7027	0.9826	0.9789	0.5563	0.7005	0.9757	0.5476	0.7506	0.7280	0.6808	0.7195	0.6939	0.9798	0.9804	0.9808	0.7040	0.4819	0.5522	0.6995	0.4799	0.5532	0.6930	0.9766	0.9816	0.5529	0.6983	0.5322	0.7025	0.9811	0.9795	0.6897	0.5512	0.9752	0.5050	0.9802	0.5533	0.9780	0.9739	0.7042	0.7001	0.5321	0.6949	0.6677
0.5604	0.6856	0.9785	0.6986	0.9813	0.5558	0.5440	0.5502	0.7277	0.5663	0.5473	0.5492	0.5619	0.9793	0.5549	0.5440	0.7039	0.5520	0.5699	0.5540	0.6615	0.5614	0.9822	0.5558	0.7193	0.9836	0.5533	0.6994	0.5395	0.7059	0.5952	0.5738	0.9832	0.7036	0.9824	0.7040	0.5073	0.9819	0.5596	0.5337	0.5551	1.0000	0.5541	0.6594	0.5477	0.7011	0.7048	0.7016	0.7255	0.9812	0.6979	0.9796	0.5545	0.5569	0.5517	0.5524	0.6006	0.5410	0.5558	0.5613	0.6568	0.5479	0.5562	0.9805	0.6671	0.6944	0.6960	0.6978	0.5522	0.5553	0.5591	0.5564	0.5396	0.7218	0.9789	0.5398	0.7195	0.9839	0.7008	0.5542	0.5549	0.9819	0.5425	0.6586	0.7039	0.5573	0.5588	0.7031	0.9814	0.5557	0.7216	0.5562	0.9825	0.5569	0.5517	0.5342	0.5457	0.6649	0.7101	0.5717
0.9708	0.7373	0.5467	0.6885	0.5544	0.9808	0.6979	0.6939	0.4811	0.6676	0.6968	0.6933	0.6798	0.5482	0.9837	0.6973	0.6840	0.9816	0.6610	0.9814	0.5374	0.9797	0.5496	0.9824	0.4757	0.5508	0.9830	0.6913	0.6976	0.6943	0.7009	0.6560	0.5503	0.6923	0.5523	0.6974	0.7163	0.5534	0.9813	0.7027	0.9823	0.5541	1.0000	0.5289	0.6953	0.6870	0.7176	0.6930	0.4942	0.5508	0.7097	0.5501	0.9821	0.9808	0.6919	0.6916	0.6997	0.7006	0.9775	0.9758	0.5570	0.6982	0.9812	0.5465	0.7476	0.7260	0.6796	0.7175	0.6915	0.9814	0.9797	0.9836	0.7022	0.4807	0.5512	0.6972	0.4787	0.5521	0.6916	0.9819	0.9846	0.5519	0.6960	0.5315	0.7010	0.9816	0.9810	0.6884	0.5501	0.9823	0.5034	0.9806	0.5523	0.9824	0.9806	0.7019	0.6979	0.5309	0.6935	0.6647
0.5372	0.5328	0.6615	0.5333	0.6586	0.5294	0.6716	0.6763	0.6605	0.6435	0.6712	0.6671	0.6600	0.6582	0.5275	0.6758	0.5353	0.5289	0.6436	0.5298	0.9759	0.5305	0.6587	0.5301	0.6562	0.6616	0.5281	0.5332	0.6679	0.5388	0.5584	0.6415	0.6597	0.5374	0.6603	0.5385	0.6374	0.6624	0.5323	0.6691	0.5299	0.6594	0.5289	1.0000	0.6705	0.5340	0.5407	0.5381	0.8391	0.6601	0.5355	0.6621	0.5294	0.5296	0.6679	0.6717	0.5614	0.6740	0.5288	0.5296	0.6280	0.6737	0.5284	0.6587	0.5226	0.5354	0.5296	0.5367	0.6674	0.5308	0.5311	0.5284	0.6737	0.6565	0.6597	0.6712	0.6561	0.6587	0.5346	0.5274	0.5292	0.6613	0.6787	0.9662	0.5392	0.5294	0.5290	0.5372	0.6595	0.5296	0.8408	0.5323	0.6605	0.5300	0.5259	0.6655	0.6720	0.9760	0.5411	0.6453
0.7016	0.6797	0.5414	0.6489	0.5473	0.6923	0.9784	0.9828	0.5532	0.9120	0.9832	0.9808	0.9459	0.5410	0.6932	0.9774	0.6434	0.6948	0.9042	0.6926	0.6795	0.6970	0.5422	0.6926	0.5475	0.5452	0.6922	0.6493	0.9789	0.6537	0.6088	0.8933	0.5442	0.6520	0.5456	0.6567	0.8269	0.5490	0.6982	0.9632	0.6974	0.5477	0.6953	0.6705	1.0000	0.6471	0.6683	0.6554	0.6545	0.5441	0.6639	0.5447	0.6947	0.6915	0.9788	0.9786	0.6065	0.9686	0.6976	0.6978	0.5031	0.9787	0.6932	0.5408	0.6815	0.6731	0.6393	0.6691	0.9780	0.6933	0.6944	0.6955	0.9673	0.5525	0.5435	0.9744	0.5512	0.5455	0.6505	0.6917	0.6939	0.5467	0.9668	0.6696	0.6607	0.6935	0.6935	0.6508	0.5435	0.6947	0.6686	0.6970	0.5468	0.6935	0.6930	0.9681	0.9817	0.6771	0.6521	0.9048
0.6882	0.8815	0.6900	0.9869	0.7024	0.6846	0.6433	0.6466	0.5882	0.6739	0.6458	0.6505	0.6638	0.6931	0.6870	0.6407	0.9801	0.6831	0.6768	0.6822	0.5414	0.6952	0.6946	0.6852	0.5795	0.6954	0.6829	0.9796	0.6394	0.9761	0.6820	0.6799	0.6959	0.9793	0.6977	0.9715	0.5991	0.6996	0.6917	0.6334	0.6883	0.7011	0.6870	0.5340	0.6471	1.0000	0.9321	0.9725	0.5815	0.6958	0.9491	0.6936	0.6853	0.6859	0.6519	0.6502	0.6835	0.6394	0.6911	0.6960	0.5458	0.6463	0.6875	0.6918	0.8536	0.9145	0.9720	0.9308	0.6526	0.6851	0.6896	0.6908	0.6367	0.5865	0.6959	0.6389	0.5840	0.6995	0.9800	0.6853	0.6856	0.6978	0.6373	0.5341	0.9609	0.6882	0.6902	0.9827	0.6953	0.6861	0.5884	0.6859	0.6990	0.6864	0.6845	0.6359	0.6440	0.5415	0.9755	0.6770
0.7204	0.9448	0.6934	0.9336	0.7055	0.7159	0.6637	0.6671	0.5953	0.6999	0.6673	0.6724	0.6882	0.6964	0.7184	0.6606	0.9246	0.7142	0.7023	0.7130	0.5484	0.7273	0.6980	0.7158	0.5868	0.6991	0.7140	0.9388	0.6604	0.9477	0.6711	0.7057	0.6995	0.9408	0.7011	0.9518	0.6143	0.7033	0.7235	0.6529	0.7196	0.7048	0.7176	0.5407	0.6683	0.9321	1.0000	0.9430	0.5894	0.6990	0.9710	0.6974	0.7167	0.7166	0.6740	0.6724	0.6720	0.6586	0.7226	0.7286	0.5476	0.6670	0.7189	0.6954	0.9149	0.9743	0.9140	0.9794	0.6750	0.7156	0.7211	0.7218	0.6565	0.5936	0.6988	0.6588	0.5909	0.7027	0.9387	0.7161	0.7166	0.7013	0.6565	0.5410	0.9621	0.7198	0.7220	0.9361	0.6987	0.7175	0.5970	0.7172	0.7024	0.7178	0.7154	0.6560	0.6651	0.5487	0.9458	0.7036
0.6945	0.8937	0.6904	0.9749	0.7025	0.6907	0.6517	0.6547	0.5920	0.6834	0.6542	0.6591	0.6728	0.6930	0.6933	0.6489	0.9643	0.6895	0.6861	0.6879	0.5455	0.7015	0.6947	0.6910	0.5832	0.6959	0.6889	0.9757	0.6479	0.9769	0.6798	0.6895	0.6962	0.9788	0.6981	0.9793	0.6042	0.7003	0.6979	0.6415	0.6944	0.7016	0.6930	0.5381	0.6554	0.9725	0.9430	1.0000	0.5857	0.6959	0.9618	0.6941	0.6914	0.6915	0.6605	0.6587	0.6811	0.6475	0.6973	0.7021	0.5459	0.6545	0.6936	0.6921	0.8651	0.9259	0.9544	0.9430	0.6612	0.6907	0.6954	0.6969	0.6448	0.5901	0.6957	0.6471	0.5876	0.6996	0.9752	0.6909	0.6916	0.6981	0.6454	0.5382	0.9741	0.6943	0.6961	0.9800	0.6954	0.6923	0.5928	0.6920	0.6993	0.6924	0.6908	0.6441	0.6525	0.5458	0.9739	0.6867
0.5023	0.5805	0.7274	0.5806	0.7241	0.4949	0.6504	0.6586	0.7296	0.6669	0.6539	0.6555	0.6676	0.7240	0.4938	0.6517	0.5824	0.4934	0.6711	0.4943	0.8394	0.4989	0.7240	0.4952	0.7242	0.7272	0.4930	0.5807	0.6461	0.5869	0.5210	0.6742	0.7257	0.5847	0.7255	0.5865	0.5907	0.7287	0.4991	0.6391	0.4957	0.7255	0.4942	0.8391	0.6545	0.5815	0.5894	0.5857	1.0000	0.7255	0.5832	0.7278	0.4947	0.4950	0.6582	0.6600	0.5243	0.6467	0.4956	0.4991	0.5812	0.6544	0.4950	0.7254	0.5685	0.5835	0.5761	0.5848	0.6586	0.4948	0.4972	0.4953	0.6456	0.7247	0.7244	0.6467	0.7238	0.7248	0.5819	0.4929	0.4947	0.7274	0.6512	0.8336	0.5879	0.4957	0.4963	0.5848	0.7253	0.4956	0.9754	0.4972	0.7267	0.4959	0.4919	0.6391	0.6527	0.8497	0.5893	0.6719
0.5570	0.6798	0.9835	0.6932	0.9815	0.5524	0.5405	0.5467	0.7264	0.5623	0.5437	0.5456	0.5581	0.9838	0.5516	0.5406	0.6988	0.5487	0.5657	0.5507	0.6619	0.5580	0.9834	0.5525	0.7184	0.9827	0.5500	0.6938	0.5360	0.7005	0.5922	0.5696	0.9825	0.6982	0.9828	0.6982	0.5052	0.9817	0.5561	0.5304	0.5518	0.9812	0.5508	0.6601	0.5441	0.6958	0.6990	0.6959	0.7255	1.0000	0.6922	0.9818	0.5512	0.5536	0.5481	0.5488	0.5976	0.5376	0.5525	0.5579	0.6578	0.5445	0.5529	0.9841	0.6617	0.6887	0.6912	0.6920	0.5485	0.5521	0.5558	0.5531	0.5362	0.7207	0.9859	0.5364	0.7183	0.9836	0.6956	0.5509	0.5516	0.9818	0.5391	0.6592	0.6980	0.5539	0.5554	0.6976	0.9828	0.5523	0.7214	0.5530	0.9818	0.5536	0.5484	0.5308	0.5422	0.6654	0.7045	0.5676
0.7115	0.9263	0.6867	0.9508	0.6987	0.7074	0.6597	0.6627	0.5906	0.6941	0.6628	0.6679	0.6826	0.6895	0.7101	0.6566	0.9401	0.7061	0.6966	0.7047	0.5430	0.7189	0.6911	0.7076	0.5822	0.6923	0.7056	0.9550	0.6563	0.9622	0.6734	0.6998	0.6926	0.9583	0.6943	0.9667	0.6107	0.6966	0.7151	0.6492	0.7114	0.6979	0.7097	0.5355	0.6639	0.9491	0.9710	0.9618	0.5832	0.6922	1.0000	0.6906	0.7083	0.7082	0.6694	0.6675	0.6743	0.6550	0.7145	0.7199	0.5428	0.6627	0.7106	0.6885	0.8971	0.9572	0.9303	0.9743	0.6702	0.7073	0.7125	0.7138	0.6526	0.5891	0.6920	0.6549	0.5864	0.6959	0.9562	0.7078	0.7083	0.6945	0.6526	0.5356	0.9772	0.7113	0.7134	0.9536	0.6918	0.7091	0.5905	0.7089	0.6955	0.7093	0.7075	0.6522	0.6607	0.5433	0.9590	0.6975
0.5565	0.6787	0.9808	0.6911	0.9795	0.5519	0.5411	0.5474	0.7303	0.5629	0.5444	0.5462	0.5588	0.9801	0.5508	0.5412	0.6964	0.5481	0.5664	0.5501	0.6640	0.5574	0.9818	0.5520	0.7223	0.9842	0.5494	0.6917	0.5366	0.6985	0.5917	0.5702	0.9847	0.6962	0.9820	0.6965	0.5049	0.9835	0.5556	0.5310	0.5512	0.9796	0.5501	0.6621	0.5447	0.6936	0.6974	0.6941	0.7278	0.9818	0.6906	1.0000	0.5507	0.5529	0.5487	0.5495	0.5968	0.5382	0.5518	0.5571	0.6568	0.5452	0.5523	0.9818	0.6606	0.6873	0.6889	0.6904	0.5492	0.5515	0.5552	0.5524	0.5368	0.7246	0.9809	0.5370	0.7223	0.9819	0.6934	0.5502	0.5510	0.9821	0.5398	0.6613	0.6964	0.5533	0.5547	0.6956	0.9804	0.5517	0.7236	0.5524	0.9827	0.5529	0.5478	0.5314	0.5429	0.6673	0.7026	0.5683
0.9728	0.7368	0.5472	0.6869	0.5548	0.9820	0.6973	0.6934	0.4816	0.6673	0.6963	0.6928	0.6795	0.5486	0.9823	0.6967	0.6824	0.9836	0.6607	0.9824	0.5379	0.9805	0.5501	0.9813	0.4762	0.5513	0.9844	0.6897	0.6970	0.6929	0.6999	0.6557	0.5508	0.6907	0.5528	0.6961	0.7153	0.5539	0.9803	0.7020	0.9805	0.5545	0.9821	0.5294	0.6947	0.6853	0.7167	0.6914	0.4947	0.5512	0.7083	0.5507	1.0000	0.9826	0.6913	0.6912	0.6988	0.6999	0.9764	0.9763	0.5580	0.6977	0.9833	0.5469	0.7475	0.7251	0.6779	0.7163	0.6910	0.9807	0.9829	0.9819	0.7014	0.4812	0.5517	0.6966	0.4793	0.5526	0.6899	0.9827	0.9847	0.5524	0.6955	0.5321	0.6996	0.9849	0.9827	0.6868	0.5506	0.9829	0.5040	0.9833	0.5528	0.9827	0.9805	0.7013	0.6973	0.5314	0.6921	0.6647
0.9674	0.7362	0.5495	0.6873	0.5573	0.9844	0.6939	0.6902	0.4825	0.6641	0.6931	0.6894	0.6762	0.5510	0.9816	0.6935	0.6833	0.9783	0.6576	0.9855	0.5384	0.9765	0.5525	0.9850	0.4770	0.5535	0.9846	0.6900	0.6935	0.6933	0.7025	0.6526	0.5532	0.6911	0.5552	0.6963	0.7162	0.5561	0.9757	0.6987	0.9741	0.5569	0.9808	0.5296	0.6915	0.6859	0.7166	0.6915	0.4950	0.5536	0.7082	0.5529	0.9826	1.0000	0.6880	0.6879	0.7015	0.6967	0.9702	0.9734	0.5612	0.6945	0.9828	0.5493	0.7463	0.7248	0.6786	0.7160	0.6878	0.9811	0.9812	0.9799	0.6983	0.4821	0.5541	0.6933	0.4801	0.5550	0.6903	0.9844	0.9838	0.5547	0.6922	0.5325	0.6996	0.9835	0.9817	0.6872	0.5530	0.9837	0.5042	0.9787	0.5551	0.9827	0.9801	0.6977	0.6940	0.5315	0.6926	0.6614
0.6982	0.6861	0.5453	0.6537	0.5512	0.6889	0.9684	0.9734	0.5574	0.9263	0.9763	0.9834	0.9591	0.5450	0.6900	0.9641	0.6480	0.6912	0.9180	0.6890	0.6767	0.6940	0.5462	0.6892	0.5517	0.5491	0.6887	0.6541	0.9679	0.6587	0.6041	0.9070	0.5481	0.6569	0.5495	0.6619	0.8185	0.5530	0.6949	0.9508	0.6942	0.5517	0.6919	0.6679	0.9788	0.6519	0.6740	0.6605	0.6582	0.5481	0.6694	0.5487	0.6913	0.6880	1.0000	0.9825	0.6019	0.9568	0.6946	0.6950	0.5002	0.9700	0.6900	0.5448	0.6883	0.6791	0.6439	0.6749	0.9840	0.6898	0.6912	0.6923	0.9556	0.5568	0.5475	0.9624	0.5554	0.5495	0.6557	0.6883	0.6906	0.5507	0.9547	0.6669	0.6659	0.6903	0.6903	0.6557	0.5475	0.6913	0.6724	0.6935	0.5507	0.6903	0.6898	0.9567	0.9727	0.6751	0.6571	0.9182
0.6984	0.6841	0.5460	0.6521	0.5520	0.6888	0.9704	0.9770	0.5580	0.9219	0.9778	0.9801	0.9553	0.5458	0.6898	0.9672	0.6466	0.6911	0.9139	0.6890	0.6807	0.6938	0.5470	0.6890	0.5523	0.5499	0.6886	0.6525	0.9691	0.6571	0.6063	0.9027	0.5490	0.6552	0.5503	0.6602	0.8187	0.5538	0.6948	0.9530	0.6940	0.5524	0.6916	0.6717	0.9786	0.6502	0.6724	0.6587	0.6600	0.5488	0.6675	0.5495	0.6912	0.6879	0.9825	1.0000	0.6040	0.9589	0.6943	0.6946	0.5036	0.9729	0.6898	0.5456	0.6858	0.6770	0.6425	0.6729	0.9830	0.6897	0.6911	0.6921	0.9576	0.5573	0.5482	0.9646	0.5560	0.5503	0.6539	0.6881	0.6904	0.5514	0.9585	0.6706	0.6642	0.6903	0.6902	0.6540	0.5483	0.6910	0.6743	0.6934	0.5515	0.6902	0.6893	0.9578	0.9729	0.6787	0.6557	0.9147
0.6990	0.6532	0.5935	0.6824	0.6020	0.6994	0.6097	0.6094	0.5070	0.5771	0.6069	0.6027	0.5901	0.5948	0.6975	0.6114	0.6863	0.6970	0.5745	0.7001	0.5702	0.6989	0.5977	0.7015	0.5004	0.5973	0.6983	0.6806	0.6060	0.6821	0.9758	0.5705	0.5977	0.6829	0.5998	0.6808	0.6286	0.6002	0.6995	0.6126	0.6979	0.6006	0.6997	0.5614	0.6065	0.6835	0.6720	0.6811	0.5243	0.5976	0.6743	0.5968	0.6988	0.7015	0.6019	0.6040	1.0000	0.6147	0.6965	0.6962	0.6378	0.6110	0.6986	0.5929	0.6394	0.6643	0.6847	0.6697	0.6011	0.7005	0.7009	0.6996	0.6138	0.5051	0.5989	0.6094	0.5048	0.5996	0.6818	0.6989	0.6987	0.5991	0.6130	0.5648	0.6778	0.6996	0.6990	0.6834	0.5972	0.6991	0.5306	0.6987	0.5998	0.6982	0.6971	0.6096	0.6086	0.5609	0.6839	0.5760
