1.0000 0.9798 0.9671 0.9698 0.9777 0.9867 0.9756 0.9706 0.9591 0.9757 0.9844 0.9733 0.9851 0.9905 0.9709 0.9814 0.9549 0.9907 0.9493 0.9663 0.9844 0.9869 0.9776 0.9628 0.9817 0.9712 0.9807 0.9801 0.9744 0.9630 0.9519 0.9864 0.9644 0.9754 0.9659 0.9754 0.9672 0.9877 0.9795 0.9741 0.9746 0.9872 0.9601 0.9863 0.9387 0.9785 0.9869 0.9789 0.9790 0.9910 0.9730 0.9797 0.9856 0.9872 0.9867 0.9842 0.9784 0.9705 0.9651 0.9787 0.9653 0.9747 0.9596 0.9868 0.9816 0.9755 0.9699 0.9874 0.9839 0.9789 0.9889 0.9622 0.9663 0.9716 0.9804 0.9684 0.9737 0.9707 0.9763 0.9849 0.9607 0.9842 0.9818 0.9839 0.9460 0.9801 0.9714 0.9808 0.9627 0.9701 0.9865 0.9842 0.9699 0.9685 0.9583 0.9811 0.9840 0.9814 0.9896 0.9418
0.9798 1.0000 0.9809 0.9833 0.9892 0.9858 0.9872 0.9831 0.9750 0.9873 0.9875 0.9844 0.9891 0.9784 0.9861 0.9895 0.9704 0.9786 0.9647 0.9824 0.9717 0.9863 0.9865 0.9777 0.9858 0.9866 0.9898 0.9871 0.9874 0.9772 0.9676 0.9862 0.9793 0.9891 0.9798 0.9868 0.9826 0.9844 0.9916 0.9863 0.9882 0.9760 0.9760 0.9868 0.9540 0.9882 0.9858 0.9896 0.9873 0.9801 0.9850 0.9890 0.9836 0.9859 0.9854 0.9915 0.9909 0.9846 0.9799 0.9874 0.9816 0.9858 0.9745 0.9754 0.9891 0.9877 0.9835 0.9826 0.9863 0.9894 0.9836 0.9769 0.9816 0.9845 0.9894 0.9848 0.9859 0.9854 0.9873 0.9871 0.9761 0.9876 0.9900 0.9877 0.9624 0.9877 0.9851 0.9864 0.9770 0.9845 0.9870 0.9892 0.9849 0.9833 0.9741 0.9893 0.9915 0.9881 0.9797 0.9586
0.9671 0.9809 1.0000 0.9914 0.9834 0.9754 0.9852 0.9887 0.9865 0.9829 0.9745 0.9874 0.9765 0.9644 0.9868 0.9811 0.9827 0.9664 0.9780 0.9883 0.9572 0.9743 0.9834 0.9902 0.9795 0.9877 0.9807 0.9805 0.9877 0.9876 0.9818 0.9731 0.9896 0.9847 0.9880 0.9829 0.9892 0.9715 0.9804 0.9870 0.9863 0.9612 0.9852 0.9763 0.9688 0.9834 0.9742 0.9840 0.9782 0.9667 0.9875 0.9825 0.9720 0.9730 0.9740 0.9777 0.9843 0.9837 0.9890 0.9825 0.9877 0.9826 0.9873 0.9609 0.9825 0.9857 0.9911 0.9682 0.9772 0.9817 0.9718 0.9845 0.9867 0.9897 0.9811 0.9887 0.9818 0.9847 0.9837 0.9770 0.9872 0.9766 0.9790 0.9754 0.9764 0.9810 0.9882 0.9789 0.9855 0.9876 0.9754 0.9779 0.9864 0.9885 0.9857 0.9816 0.9800 0.9812 0.9653 0.9704
0.9698 0.9833 0.9914 1.0000 0.9860 0.9789 0.9883 0.9900 0.9855 0.9866 0.9765 0.9896 0.9806 0.9669 0.9889 0.9837 0.9798 0.9697 0.9771 0.9889 0.9605 0.9770 0.9848 0.9884 0.9824 0.9895 0.9841 0.9832 0.9897 0.9872 0.9796 0.9758 0.9875 0.9863 0.9879 0.9858 0.9875 0.9748 0.9816 0.9876 0.9885 0.9646 0.9846 0.9797 0.9660 0.9850 0.9774 0.9870 0.9810 0.9701 0.9901 0.9851 0.9750 0.9763 0.9776 0.9810 0.9861 0.9841 0.9883 0.9863 0.9886 0.9842 0.9849 0.9640 0.9858 0.9876 0.9922 0.9710 0.9794 0.9849 0.9748 0.9837 0.9877 0.9908 0.9839 0.9879 0.9835 0.9854 0.9845 0.9797 0.9857 0.9801 0.9834 0.9780 0.9732 0.9851 0.9888 0.9800 0.9853 0.9893 0.9783 0.9812 0.9857 0.9899 0.9840 0.9848 0.9831 0.9852 0.9686 0.9675
0.9777 0.9892 0.9834 0.9860 1.0000 0.9862 0.9887 0.9871 0.9768 0.9904 0.9864 0.9867 0.9877 0.9758 0.9885 0.9913 0.9716 0.9768 0.9673 0.9831 0.9698 0.9844 0.9911 0.9797 0.9874 0.9886 0.9893 0.9881 0.9882 0.9794 0.9693 0.9852 0.9827 0.9882 0.9817 0.9874 0.9844 0.9843 0.9900 0.9877 0.9891 0.9735 0.9777 0.9865 0.9563 0.9899 0.9833 0.9922 0.9894 0.9786 0.9861 0.9885 0.9837 0.9829 0.9846 0.9882 0.9902 0.9837 0.9823 0.9888 0.9825 0.9874 0.9772 0.9733 0.9902 0.9882 0.9865 0.9793 0.9879 0.9884 0.9827 0.9804 0.9837 0.9881 0.9891 0.9855 0.9885 0.9880 0.9901 0.9871 0.9779 0.9851 0.9882 0.9868 0.9647 0.9886 0.9866 0.9869 0.9793 0.9860 0.9870 0.9884 0.9875 0.9845 0.9759 0.9904 0.9891 0.9905 0.9773 0.9608
0.9867 0.9858 0.9754 0.9789 0.9862 1.0000 0.9841 0.9781 0.9675 0.9832 0.9875 0.9815 0.9899 0.9846 0.9794 0.9879 0.9630 0.9858 0.9578 0.9746 0.9787 0.9887 0.9854 0.9710 0.9898 0.9790 0.9895 0.9876 0.9825 0.9710 0.9600 0.9907 0.9730 0.9829 0.9746 0.9846 0.9755 0.9912 0.9858 0.9818 0.9818 0.9826 0.9692 0.9911 0.9472 0.9850 0.9882 0.9878 0.9848 0.9860 0.9809 0.9853 0.9908 0.9903 0.9908 0.9883 0.9853 0.9775 0.9739 0.9874 0.9732 0.9828 0.9675 0.9816 0.9891 0.9828 0.9784 0.9867 0.9903 0.9849 0.9902 0.9701 0.9740 0.9793 0.9879 0.9760 0.9809 0.9788 0.9845 0.9909 0.9684 0.9880 0.9895 0.9886 0.9541 0.9873 0.9797 0.9869 0.9707 0.9780 0.9899 0.9882 0.9770 0.9754 0.9667 0.9877 0.9897 0.9898 0.9860 0.9504
0.9756 0.9872 0.9852 0.9883 0.9887 0.9841 1.0000 0.9872 0.9793 0.9909 0.9823 0.9867 0.9850 0.9740 0.9884 0.9882 0.9740 0.9752 0.9705 0.9860 0.9664 0.9844 0.9870 0.9812 0.9854 0.9883 0.9879 0.9867 0.9891 0.9835 0.9727 0.9813 0.9824 0.9887 0.9841 0.9857 0.9854 0.9808 0.9853 0.9878 0.9879 0.9714 0.9806 0.9856 0.9591 0.9880 0.9820 0.9893 0.9846 0.9756 0.9898 0.9874 0.9806 0.9819 0.9829 0.9865 0.9891 0.9859 0.9837 0.9880 0.9857 0.9879 0.9795 0.9703 0.9893 0.9884 0.9889 0.9756 0.9847 0.9869 0.9798 0.9803 0.9853 0.9887 0.9871 0.9864 0.9855 0.9869 0.9868 0.9845 0.9803 0.9858 0.9874 0.9836 0.9676 0.9869 0.9876 0.9847 0.9824 0.9864 0.9850 0.9852 0.9851 0.9858 0.9797 0.9878 0.9874 0.9884 0.9748 0.9624
0.9706 0.9831 0.9887 0.9900 0.9871 0.9781 0.9872 1.0000 0.9838 0.9876 0.9768 0.9893 0.9803 0.9675 0.9884 0.9842 0.9798 0.9691 0.9759 0.9859 0.9603 0.9771 0.9856 0.9851 0.9816 0.9894 0.9827 0.9825 0.9884 0.9870 0.9773 0.9760 0.9883 0.9863 0.9870 0.9849 0.9877 0.9751 0.9829 0.9882 0.9866 0.9644 0.9841 0.9794 0.9659 0.9857 0.9758 0.9879 0.9843 0.9699 0.9874 0.9858 0.9737 0.9753 0.9769 0.9813 0.9853 0.9842 0.9891 0.9850 0.9875 0.9875 0.9859 0.9638 0.9852 0.9844 0.9906 0.9707 0.9804 0.9854 0.9745 0.9860 0.9879 0.9926 0.9829 0.9890 0.9840 0.9876 0.9848 0.9799 0.9846 0.9797 0.9816 0.9793 0.9728 0.9833 0.9895 0.9817 0.9869 0.9875 0.9790 0.9805 0.9879 0.9895 0.9830 0.9834 0.9828 0.9848 0.9684 0.9684
0.9591 0.9750 0.9865 0.9855 0.9768 0.9675 0.9793 0.9838 1.0000 0.9783 0.9670 0.9814 0.9697 0.9563 0.9823 0.9737 0.9849 0.9587 0.9865 0.9856 0.9497 0.9666 0.9759 0.9893 0.9725 0.9843 0.9743 0.9729 0.9812 0.9871 0.9868 0.9658 0.9880 0.9774 0.9883 0.9778 0.9841 0.9641 0.9736 0.9794 0.9814 0.9541 0.9865 0.9692 0.9754 0.9765 0.9661 0.9773 0.9727 0.9588 0.9824 0.9764 0.9644 0.9655 0.9670 0.9713 0.9768 0.9783 0.9865 0.9765 0.9875 0.9763 0.9880 0.9533 0.9751 0.9785 0.9854 0.9610 0.9690 0.9754 0.9638 0.9845 0.9848 0.9847 0.9745 0.9835 0.9767 0.9802 0.9776 0.9694 0.9881 0.9691 0.9729 0.9683 0.9822 0.9748 0.9836 0.9707 0.9872 0.9835 0.9680 0.9710 0.9822 0.9862 0.9884 0.9746 0.9726 0.9745 0.9582 0.9772
0.9757 0.9873 0.9829 0.9866 0.9904 0.9832 0.9909 0.9876 0.9783 1.0000 0.9831 0.9852 0.9862 0.9737 0.9899 0.9882 0.9736 0.9747 0.9701 0.9845 0.9665 0.9836 0.9873 0.9807 0.9854 0.9893 0.9880 0.9859 0.9879 0.9818 0.9715 0.9823 0.9829 0.9870 0.9832 0.9859 0.9849 0.9804 0.9857 0.9886 0.9885 0.9712 0.9793 0.9846 0.9586 0.9883 0.9817 0.9900 0.9869 0.9760 0.9867 0.9878 0.9800 0.9810 0.9826 0.9866 0.9878 0.9844 0.9834 0.9877 0.9857 0.9889 0.9792 0.9702 0.9892 0.9864 0.9878 0.9757 0.9846 0.9877 0.9797 0.9823 0.9851 0.9881 0.9872 0.9869 0.9878 0.9881 0.9870 0.9840 0.9798 0.9853 0.9868 0.9855 0.9669 0.9865 0.9874 0.9857 0.9828 0.9860 0.9853 0.9854 0.9866 0.9868 0.9781 0.9878 0.9869 0.9883 0.9746 0.9628
0.9844 0.9875 0.9745 0.9765 0.9864 0.9875 0.9823 0.9768 0.9670 0.9831 1.0000 0.9785 0.9881 0.9843 0.9789 0.9869 0.9628 0.9826 0.9570 0.9747 0.9788 0.9874 0.9858 0.9707 0.9849 0.9790 0.9864 0.9855 0.9817 0.9710 0.9596 0.9895 0.9723 0.9831 0.9728 0.9823 0.9767 0.9889 0.9881 0.9812 0.9824 0.9815 0.9687 0.9867 0.9461 0.9850 0.9871 0.9849 0.9857 0.9855 0.9795 0.9840 0.9886 0.9902 0.9872 0.9891 0.9864 0.9777 0.9730 0.9827 0.9739 0.9824 0.9674 0.9816 0.9875 0.9829 0.9769 0.9875 0.9892 0.9842 0.9880 0.9714 0.9746 0.9784 0.9856 0.9774 0.9838 0.9796 0.9839 0.9875 0.9685 0.9853 0.9860 0.9892 0.9546 0.9832 0.9781 0.9870 0.9700 0.9779 0.9886 0.9892 0.9801 0.9761 0.9665 0.9879 0.9893 0.9861 0.9853 0.9510
0.9733 0.9844 0.9874 0.9896 0.9867 0.9815 0.9867 0.9893 0.9814 0.9852 0.9785 1.0000 0.9830 0.9703 0.9866 0.9845 0.9775 0.9730 0.9721 0.9834 0.9631 0.9789 0.9849 0.9835 0.9852 0.9880 0.9847 0.9846 0.9889 0.9834 0.9743 0.9785 0.9859 0.9852 0.9851 0.9870 0.9861 0.9773 0.9844 0.9880 0.9879 0.9674 0.9817 0.9820 0.9625 0.9869 0.9790 0.9880 0.9828 0.9730 0.9902 0.9859 0.9770 0.9786 0.9785 0.9830 0.9864 0.9835 0.9856 0.9863 0.9832 0.9850 0.9806 0.9664 0.9874 0.9855 0.9890 0.9737 0.9816 0.9871 0.9772 0.9809 0.9833 0.9896 0.9860 0.9842 0.9836 0.9835 0.9876 0.9822 0.9816 0.9807 0.9837 0.9805 0.9682 0.9874 0.9874 0.9818 0.9811 0.9865 0.9810 0.9823 0.9841 0.9874 0.9801 0.9855 0.9852 0.9867 0.9714 0.9640
0.9851 0.9891 0.9765 0.9806 0.9877 0.9899 0.9850 0.9803 0.9697 0.9862 0.9881 0.9830 1.0000 0.9835 0.9830 0.9892 0.9653 0.9847 0.9608 0.9772 0.9759 0.9888 0.9861 0.9731 0.9883 0.9822 0.9897 0.9877 0.9842 0.9727 0.9627 0.9898 0.9747 0.9844 0.9757 0.9843 0.9774 0.9886 0.9876 0.9832 0.9837 0.9814 0.9713 0.9903 0.9493 0.9871 0.9890 0.9888 0.9872 0.9869 0.9823 0.9873 0.9873 0.9885 0.9890 0.9917 0.9864 0.9799 0.9754 0.9873 0.9759 0.9834 0.9699 0.9798 0.9901 0.9849 0.9806 0.9857 0.9885 0.9889 0.9891 0.9725 0.9769 0.9811 0.9892 0.9792 0.9826 0.9801 0.9852 0.9892 0.9713 0.9890 0.9905 0.9896 0.9568 0.9901 0.9811 0.9853 0.9728 0.9804 0.9902 0.9910 0.9797 0.9791 0.9692 0.9890 0.9918 0.9894 0.9836 0.9527
0.9905 0.9784 0.9644 0.9669 0.9758 0.9846 0.9740 0.9675 0.9563 0.9737 0.9843 0.9703 0.9835 1.0000 0.9694 0.9787 0.9524 0.9900 0.9467 0.9644 0.9858 0.9856 0.9751 0.9599 0.9790 0.9689 0.9783 0.9789 0.9720 0.9606 0.9493 0.9860 0.9616 0.9739 0.9629 0.9727 0.9654 0.9878 0.9779 0.9716 0.9717 0.9896 0.9579 0.9847 0.9355 0.9766 0.9861 0.9763 0.9768 0.9903 0.9704 0.9762 0.9846 0.9862 0.9840 0.9826 0.9761 0.9694 0.9627 0.9760 0.9632 0.9733 0.9575 0.9890 0.9793 0.9739 0.9671 0.9870 0.9816 0.9771 0.9870 0.9598 0.9641 0.9689 0.9785 0.9666 0.9721 0.9690 0.9743 0.9819 0.9582 0.9828 0.9793 0.9835 0.9437 0.9775 0.9683 0.9790 0.9601 0.9678 0.9839 0.9822 0.9677 0.9653 0.9562 0.9787 0.9817 0.9784 0.9895 0.9395
0.9709 0.9861 0.9868 0.9889 0.9885 0.9794 0.9884 0.9884 0.9823 0.9899 0.9789 0.9866 0.9830 0.9694 1.0000 0.9857 0.9786 0.9706 0.9746 0.9893 0.9619 0.9803 0.9854 0.9860 0.9831 0.9924 0.9843 0.9847 0.9883 0.9839 0.9761 0.9791 0.9868 0.9867 0.9860 0.9855 0.9883 0.9769 0.9842 0.9887 0.9881 0.9665 0.9836 0.9812 0.9636 0.9873 0.9775 0.9877 0.9840 0.9715 0.9867 0.9860 0.9765 0.9767 0.9781 0.9830 0.9865 0.9881 0.9876 0.9859 0.9877 0.9871 0.9835 0.9653 0.9856 0.9872 0.9900 0.9726 0.9808 0.9874 0.9756 0.9846 0.9892 0.9905 0.9853 0.9912 0.9870 0.9891 0.9873 0.9819 0.9852 0.9814 0.9838 0.9822 0.9718 0.9858 0.9899 0.9828 0.9860 0.9898 0.9804 0.9820 0.9884 0.9896 0.9828 0.9841 0.9849 0.9844 0.9703 0.9681
0.9814 0.9895 0.9811 0.9837 0.9913 0.9879 0.9882 0.9842 0.9737 0.9882 0.9869 0.9845 0.9892 0.9787 0.9857 1.0000 0.9690 0.9796 0.9642 0.9811 0.9729 0.9877 0.9888 0.9770 0.9875 0.9854 0.9896 0.9887 0.9875 0.9762 0.9664 0.9867 0.9793 0.9864 0.9796 0.9856 0.9810 0.9858 0.9885 0.9865 0.9876 0.9768 0.9747 0.9887 0.9539 0.9892 0.9858 0.9905 0.9896 0.9818 0.9843 0.9881 0.9865 0.9853 0.9885 0.9893 0.9907 0.9827 0.9789 0.9890 0.9798 0.9855 0.9742 0.9761 0.9904 0.9865 0.9842 0.9817 0.9893 0.9876 0.9859 0.9775 0.9820 0.9857 0.9884 0.9826 0.9854 0.9856 0.9875 0.9897 0.9751 0.9873 0.9896 0.9871 0.9614 0.9889 0.9852 0.9879 0.9771 0.9832 0.9896 0.9904 0.9841 0.9820 0.9732 0.9909 0.9916 0.9912 0.9799 0.9575
0.9549 0.9704 0.9827 0.9798 0.9716 0.9630 0.9740 0.9798 0.9849 0.9736 0.9628 0.9775 0.9653 0.9524 0.9786 0.9690 1.0000 0.9540 0.9849 0.9822 0.9448 0.9634 0.9708 0.9846 0.9688 0.9791 0.9690 0.9692 0.9760 0.9862 0.9854 0.9618 0.9851 0.9752 0.9832 0.9737 0.9842 0.9596 0.9699 0.9769 0.9759 0.9490 0.9883 0.9646 0.9808 0.9720 0.9611 0.9716 0.9686 0.9540 0.9774 0.9710 0.9592 0.9613 0.9617 0.9659 0.9727 0.9790 0.9858 0.9707 0.9831 0.9746 0.9849 0.9478 0.9708 0.9720 0.9805 0.9559 0.9657 0.9733 0.9589 0.9833 0.9825 0.9799 0.9709 0.9823 0.9739 0.9781 0.9731 0.9662 0.9871 0.9658 0.9679 0.9649 0.9835 0.9693 0.9801 0.9690 0.9840 0.9785 0.9639 0.9653 0.9794 0.9828 0.9890 0.9682 0.9685 0.9689 0.9539 0.9826
0.9907 0.9786 0.9664 0.9697 0.9768 0.9858 0.9752 0.9691 0.9587 0.9747 0.9826 0.9730 0.9847 0.9900 0.9706 0.9796 0.9540 1.0000 0.9490 0.9659 0.9841 0.9856 0.9754 0.9620 0.9803 0.9706 0.9795 0.9798 0.9740 0.9621 0.9516 0.9848 0.9635 0.9744 0.9649 0.9740 0.9661 0.9865 0.9772 0.9726 0.9736 0.9887 0.9590 0.9862 0.9377 0.9771 0.9879 0.9775 0.9765 0.9905 0.9731 0.9787 0.9851 0.9869 0.9856 0.9837 0.9765 0.9702 0.9641 0.9790 0.9645 0.9729 0.9591 0.9870 0.9813 0.9763 0.9692 0.9854 0.9819 0.9780 0.9886 0.9603 0.9653 0.9705 0.9796 0.9671 0.9720 0.9692 0.9756 0.9830 0.9599 0.9827 0.9811 0.9826 0.9458 0.9810 0.9700 0.9778 0.9611 0.9695 0.9857 0.9829 0.9678 0.9673 0.9579 0.9804 0.9828 0.9804 0.9893 0.9405
0.9493 0.9647 0.9780 0.9771 0.9673 0.9578 0.9705 0.9759 0.9865 0.9701 0.9570 0.9721 0.9608 0.9467 0.9746 0.9642 0.9849 0.9490 1.0000 0.9778 0.9393 0.9576 0.9663 0.9818 0.9630 0.9753 0.9644 0.9636 0.9712 0.9812 0.9891 0.9560 0.9804 0.9689 0.9796 0.9683 0.9767 0.9544 0.9636 0.9710 0.9709 0.9443 0.9826 0.9596 0.9838 0.9668 0.9565 0.9676 0.9640 0.9494 0.9733 0.9668 0.9543 0.9555 0.9571 0.9612 0.9668 0.9720 0.9803 0.9666 0.9805 0.9686 0.9831 0.9431 0.9657 0.9687 0.9774 0.9505 0.9597 0.9671 0.9540 0.9793 0.9785 0.9756 0.9653 0.9765 0.9678 0.9722 0.9677 0.9600 0.9837 0.9602 0.9637 0.9589 0.9872 0.9653 0.9751 0.9618 0.9821 0.9753 0.9586 0.9610 0.9735 0.9784 0.9865 0.9644 0.9630 0.9645 0.9480 0.9826
0.9663 0.9824 0.9883 0.9889 0.9831 0.9746 0.9860 0.9859 0.9856 0.9845 0.9747 0.9834 0.9772 0.9644 0.9893 0.9811 0.9822 0.9659 0.9778 1.0000 0.9576 0.9756 0.9817 0.9891 0.9794 0.9890 0.9812 0.9797 0.9871 0.9872 0.9804 0.9737 0.9862 0.9852 0.9887 0.9827 0.9888 0.9716 0.9804 0.9854 0.9864 0.9619 0.9858 0.9767 0.9679 0.9828 0.9736 0.9828 0.9788 0.9664 0.9862 0.9818 0.9717 0.9726 0.9746 0.9784 0.9846 0.9866 0.9878 0.9822 0.9905 0.9827 0.9859 0.9607 0.9816 0.9851 0.9881 0.9679 0.9761 0.9821 0.9713 0.9845 0.9904 0.9882 0.9805 0.9900 0.9838 0.9868 0.9826 0.9774 0.9880 0.9773 0.9801 0.9761 0.9759 0.9805 0.9876 0.9778 0.9862 0.9882 0.9755 0.9778 0.9874 0.9897 0.9864 0.9803 0.9797 0.9807 0.9656 0.9720
0.9844 0.9717 0.9572 0.9605 0.9698 0.9787 0.9664 0.9603 0.9497 0.9665 0.9788 0.9631 0.9759 0.9858 0.9619 0.9729 0.9448 0.9841 0.9393 0.9576 1.0000 0.9777 0.9692 0.9529 0.9730 0.9615 0.9726 0.9713 0.9658 0.9531 0.9416 0.9799 0.9547 0.9669 0.9564 0.9679 0.9582 0.9820 0.9715 0.9639 0.9659 0.9879 0.9505 0.9767 0.9282 0.9692 0.9791 0.9695 0.9711 0.9856 0.9635 0.9701 0.9824 0.9814 0.9805 0.9751 0.9702 0.9615 0.9553 0.9703 0.9560 0.9656 0.9496 0.9899 0.9724 0.9670 0.9597 0.9837 0.9755 0.9690 0.9821 0.9533 0.9575 0.9615 0.9713 0.9590 0.9664 0.9620 0.9678 0.9762 0.9510 0.9748 0.9736 0.9758 0.9364 0.9710 0.9616 0.9717 0.9527 0.9610 0.9780 0.9759 0.9614 0.9585 0.9486 0.9727 0.9748 0.9735 0.9873 0.9326
0.9869 0.9863 0.9743 0.9770 0.9844 0.9887 0.9844 0.9771 0.9666 0.9836 0.9874 0.9789 0.9888 0.9856 0.9803 0.9877 0.9634 0.9856 0.9576 0.9756 0.9777 1.0000 0.9823 0.9707 0.9863 0.9790 0.9852 0.9864 0.9808 0.9711 0.9597 0.9889 0.9716 0.9832 0.9733 0.9808 0.9758 0.9896 0.9842 0.9817 0.9812 0.9818 0.9687 0.9910 0.9469 0.9849 0.9875 0.9837 0.9841 0.9855 0.9802 0.9846 0.9867 0.9887 0.9881 0.9889 0.9851 0.9806 0.9733 0.9845 0.9738 0.9822 0.9679 0.9801 0.9874 0.9828 0.9770 0.9844 0.9871 0.9860 0.9869 0.9700 0.9752 0.9791 0.9868 0.9774 0.9812 0.9795 0.9829 0.9906 0.9692 0.9900 0.9869 0.9895 0.9549 0.9853 0.9792 0.9871 0.9710 0.9781 0.9908 0.9871 0.9774 0.9760 0.9675 0.9848 0.9901 0.9859 0.9862 0.9510
0.9776 0.9865 0.9834 0.9848 0.9911 0.9854 0.9870 0.9856 0.9759 0.9873 0.9858 0.9849 0.9861 0.9751 0.9854 0.9888 0.9708 0.9754 0.9663 0.9817 0.9692 0.9823 1.0000 0.9790 0.9877 0.9850 0.9897 0.9869 0.9870 0.9785 0.9687 0.9847 0.9813 0.9858 0.9817 0.9864 0.9829 0.9829 0.9887 0.9858 0.9866 0.9730 0.9775 0.9849 0.9560 0.9891 0.9815 0.9912 0.9881 0.9776 0.9842 0.9861 0.9833 0.9828 0.9844 0.9861 0.9883 0.9802 0.9813 0.9884 0.9807 0.9861 0.9757 0.9728 0.9894 0.9865 0.9853 0.9797 0.9877 0.9852 0.9828 0.9798 0.9817 0.9856 0.9877 0.9843 0.9868 0.9853 0.9880 0.9866 0.9758 0.9840 0.9857 0.9855 0.9636 0.9861 0.9855 0.9861 0.9792 0.9851 0.9849 0.9872 0.9863 0.9828 0.9742 0.9886 0.9878 0.9889 0.9762 0.9597
0.9628 0.9777 0.9902 0.9884 0.9797 0.9710 0.9812 0.9851 0.9893 0.9807 0.9707 0.9835 0.9731 0.9599 0.9860 0.9770 0.9846 0.9620 0.9818 0.9891 0.9529 0.9707 0.9790 1.0000 0.9759 0.9872 0.9769 0.9770 0.9843 0.9871 0.9847 0.9693 0.9882 0.9802 0.9885 0.9801 0.9869 0.9673 0.9768 0.9846 0.9845 0.9570 0.9860 0.9726 0.9728 0.9803 0.9697 0.9800 0.9753 0.9626 0.9844 0.9795 0.9678 0.9686 0.9698 0.9741 0.9806 0.9819 0.9888 0.9784 0.9876 0.9795 0.9879 0.9564 0.9780 0.9818 0.9882 0.9646 0.9725 0.9787 0.9672 0.9857 0.9869 0.9875 0.9772 0.9865 0.9809 0.9828 0.9808 0.9731 0.9900 0.9723 0.9761 0.9723 0.9789 0.9774 0.9857 0.9751 0.9874 0.9880 0.9711 0.9742 0.9851 0.9891 0.9880 0.9777 0.9762 0.9769 0.9612 0.9749
0.9817 0.9858 0.9795 0.9824 0.9874 0.9898 0.9854 0.9816 0.9725 0.9854 0.9849 0.9852 0.9883 0.9790 0.9831 0.9875 0.9688 0.9803 0.9630 0.9794 0.9730 0.9863 0.9877 0.9759 1.0000 0.9821 0.9906 0.9875 0.9855 0.9755 0.9641 0.9887 0.9779 0.9844 0.9807 0.9892 0.9800 0.9857 0.9870 0.9849 0.9851 0.9761 0.9739 0.9888 0.9528 0.9881 0.9837 0.9888 0.9857 0.9807 0.9850 0.9863 0.9859 0.9858 0.9876 0.9854 0.9877 0.9807 0.9786 0.9900 0.9770 0.9846 0.9717 0.9750 0.9911 0.9838 0.9820 0.9817 0.9876 0.9880 0.9846 0.9749 0.9786 0.9836 0.9910 0.9798 0.9851 0.9817 0.9886 0.9905 0.9734 0.9862 0.9888 0.9868 0.9587 0.9879 0.9840 0.9873 0.9754 0.9822 0.9872 0.9864 0.9819 0.9801 0.9717 0.9865 0.9891 0.9911 0.9808 0.9561
0.9712 0.9866 0.9877 0.9895 0.9886 0.9790 0.9883 0.9894 0.9843 0.9893 0.9790 0.9880 0.9822 0.9689 0.9924 0.9854 0.9791 0.9706 0.9753 0.9890 0.9615 0.9790 0.9850 0.9872 0.9821 1.0000 0.9845 0.9839 0.9897 0.9853 0.9777 0.9781 0.9879 0.9874 0.9870 0.9850 0.9877 0.9759 0.9849 0.9885 0.9906 0.9664 0.9834 0.9812 0.9645 0.9874 0.9779 0.9880 0.9836 0.9714 0.9881 0.9876 0.9755 0.9766 0.9776 0.9838 0.9874 0.9871 0.9880 0.9854 0.9891 0.9864 0.9842 0.9652 0.9857 0.9871 0.9915 0.9721 0.9807 0.9867 0.9754 0.9854 0.9889 0.9921 0.9846 0.9898 0.9867 0.9889 0.9880 0.9808 0.9860 0.9802 0.9842 0.9813 0.9728 0.9855 0.9904 0.9819 0.9854 0.9902 0.9801 0.9829 0.9887 0.9920 0.9834 0.9852 0.9840 0.9843 0.9698 0.9684
0.9807 0.9898 0.9807 0.9841 0.9893 0.9895 0.9879 0.9827 0.9743 0.9880 0.9864 0.9847 0.9897 0.9783 0.9843 0.9896 0.9690 0.9795 0.9644 0.9812 0.9726 0.9852 0.9897 0.9769 0.9906 0.9845 1.0000 0.9872 0.9871 0.9761 0.9666 0.9871 0.9787 0.9871 0.9810 0.9886 0.9811 0.9852 0.9895 0.9856 0.9870 0.9768 0.9752 0.9876 0.9534 0.9894 0.9853 0.9915 0.9870 0.9810 0.9850 0.9880 0.9858 0.9869 0.9885 0.9883 0.9894 0.9809 0.9787 0.9913 0.9799 0.9851 0.9733 0.9762 0.9907 0.9864 0.9845 0.9830 0.9886 0.9874 0.9862 0.9764 0.9797 0.9838 0.9907 0.9819 0.9846 0.9834 0.9872 0.9878 0.9744 0.9871 0.9912 0.9871 0.9607 0.9883 0.9851 0.9869 0.9769 0.9830 0.9879 0.9897 0.9831 0.9816 0.9725 0.9908 0.9899 0.9911 0.9803 0.9569
0.9801 0.9871 0.9805 0.9832 0.9881 0.9876 0.9867 0.9825 0.9729 0.9859 0.9855 0.9846 0.9877 0.9789 0.9847 0.9887 0.9692 0.9798 0.9636 0.9797 0.9713 0.9864 0.9869 0.9770 0.9875 0.9839 0.9872 1.0000 0.9853 0.9767 0.9662 0.9862 0.9779 0.9864 0.9795 0.9841 0.9804 0.9854 0.9866 0.9875 0.9851 0.9751 0.9749 0.9897 0.9534 0.9873 0.9848 0.9888 0.9847 0.9799 0.9845 0.9864 0.9840 0.9854 0.9843 0.9871 0.9858 0.9833 0.9797 0.9884 0.9779 0.9869 0.9736 0.9746 0.9892 0.9848 0.9826 0.9813 0.9883 0.9884 0.9841 0.9768 0.9788 0.9841 0.9885 0.9812 0.9864 0.9840 0.9869 0.9886 0.9739 0.9887 0.9879 0.9883 0.9609 0.9896 0.9835 0.9889 0.9767 0.9830 0.9869 0.9872 0.9816 0.9803 0.9734 0.9872 0.9890 0.9882 0.9798 0.9571
0.9744 0.9874 0.9877 0.9897 0.9882 0.9825 0.9891 0.9884 0.9812 0.9879 0.9817 0.9889 0.9842 0.9720 0.9883 0.9875 0.9760 0.9740 0.9712 0.9871 0.9658 0.9808 0.9870 0.9843 0.9855 0.9897 0.9871 0.9853 1.0000 0.9835 0.9738 0.9804 0.9842 0.9877 0.9857 0.9888 0.9868 0.9793 0.9853 0.9881 0.9916 0.9698 0.9803 0.9831 0.9610 0.9897 0.9807 0.9893 0.9840 0.9747 0.9888 0.9906 0.9795 0.9808 0.9825 0.9850 0.9906 0.9846 0.9853 0.9880 0.9855 0.9863 0.9812 0.9688 0.9886 0.9892 0.9892 0.9758 0.9834 0.9873 0.9798 0.9818 0.9863 0.9902 0.9860 0.9868 0.9860 0.9855 0.9890 0.9832 0.9827 0.9818 0.9863 0.9826 0.9683 0.9867 0.9885 0.9834 0.9822 0.9872 0.9825 0.9850 0.9874 0.9879 0.9796 0.9880 0.9870 0.9883 0.9732 0.9638
0.9630 0.9772 0.9876 0.9872 0.9794 0.9710 0.9835 0.9870 0.9871 0.9818 0.9710 0.9834 0.9727 0.9606 0.9839 0.9762 0.9862 0.9621 0.9812 0.9872 0.9531 0.9711 0.9785 0.9871 0.9755 0.9853 0.9761 0.9767 0.9835 1.0000 0.9835 0.9691 0.9872 0.9819 0.9867 0.9798 0.9882 0.9680 0.9760 0.9828 0.9829 0.9573 0.9887 0.9729 0.9720 0.9788 0.9694 0.9793 0.9751 0.9620 0.9851 0.9785 0.9671 0.9694 0.9700 0.9744 0.9801 0.9826 0.9896 0.9779 0.9896 0.9819 0.9879 0.9564 0.9785 0.9799 0.9868 0.9631 0.9737 0.9797 0.9667 0.9859 0.9875 0.9872 0.9775 0.9871 0.9809 0.9840 0.9794 0.9731 0.9885 0.9741 0.9754 0.9723 0.9794 0.9763 0.9850 0.9755 0.9876 0.9836 0.9721 0.9731 0.9852 0.9881 0.9889 0.9766 0.9758 0.9771 0.9620 0.9747
0.9519 0.9676 0.9818 0.9796 0.9693 0.9600 0.9727 0.9773 0.9868 0.9715 0.9596 0.9743 0.9627 0.9493 0.9761 0.9664 0.9854 0.9516 0.9891 0.9804 0.9416 0.9597 0.9687 0.9847 0.9641 0.9777 0.9666 0.9662 0.9738 0.9835 1.0000 0.9578 0.9818 0.9717 0.9796 0.9688 0.9793 0.9564 0.9661 0.9733 0.9733 0.9467 0.9840 0.9619 0.9807 0.9692 0.9598 0.9696 0.9648 0.9518 0.9751 0.9688 0.9564 0.9581 0.9591 0.9641 0.9694 0.9740 0.9812 0.9682 0.9823 0.9701 0.9855 0.9460 0.9674 0.9721 0.9798 0.9530 0.9620 0.9685 0.9567 0.9797 0.9797 0.9770 0.9668 0.9786 0.9694 0.9737 0.9692 0.9619 0.9858 0.9630 0.9654 0.9609 0.9889 0.9676 0.9759 0.9636 0.9823 0.9771 0.9609 0.9639 0.9748 0.9804 0.9869 0.9675 0.9653 0.9662 0.9501 0.9797
0.9864 0.9862 0.9731 0.9758 0.9852 0.9907 0.9813 0.9760 0.9658 0.9823 0.9895 0.9785 0.9898 0.9860 0.9791 0.9867 0.9618 0.9848 0.9560 0.9737 0.9799 0.9889 0.9847 0.9693 0.9887 0.9781 0.9871 0.9862 0.9804 0.9691 0.9578 1.0000 0.9721 0.9809 0.9731 0.9833 0.9742 0.9899 0.9870 0.9803 0.9804 0.9834 0.9676 0.9891 0.9454 0.9844 0.9861 0.9855 0.9862 0.9862 0.9786 0.9835 0.9899 0.9889 0.9886 0.9876 0.9846 0.9770 0.9726 0.9852 0.9719 0.9820 0.9658 0.9818 0.9874 0.9806 0.9758 0.9868 0.9885 0.9850 0.9881 0.9698 0.9736 0.9777 0.9879 0.9759 0.9826 0.9788 0.9846 0.9900 0.9670 0.9873 0.9872 0.9910 0.9529 0.9857 0.9784 0.9868 0.9696 0.9771 0.9886 0.9873 0.9776 0.9747 0.9651 0.9845 0.9884 0.9867 0.9871 0.9501
0.9644 0.9793 0.9896 0.9875 0.9827 0.9730 0.9824 0.9883 0.9880 0.9829 0.9723 0.9859 0.9747 0.9616 0.9868 0.9793 0.9851 0.9635 0.9804 0.9862 0.9547 0.9716 0.9813 0.9882 0.9779 0.9879 0.9787 0.9779 0.9842 0.9872 0.9818 0.9721 1.0000 0.9816 0.9889 0.9823 0.9878 0.9690 0.9800 0.9851 0.9844 0.9591 0.9880 0.9738 0.9715 0.9809 0.9705 0.9827 0.9790 0.9640 0.9857 0.9799 0.9698 0.9701 0.9717 0.9754 0.9818 0.9827 0.9899 0.9806 0.9872 0.9818 0.9857 0.9585 0.9801 0.9807 0.9898 0.9654 0.9755 0.9805 0.9684 0.9867 0.9886 0.9884 0.9803 0.9877 0.9819 0.9862 0.9833 0.9750 0.9864 0.9740 0.9775 0.9740 0.9778 0.9792 0.9883 0.9772 0.9874 0.9867 0.9737 0.9751 0.9873 0.9886 0.9867 0.9785 0.9775 0.9790 0.9631 0.9745
0.9754 0.9891 0.9847 0.9863 0.9882 0.9829 0.9887 0.9863 0.9774 0.9870 0.9831 0.9852 0.9844 0.9739 0.9867 0.9864 0.9752 0.9744 0.9689 0.9852 0.9669 0.9832 0.9858 0.9802 0.9844 0.9874 0.9871 0.9864 0.9877 0.9819 0.9717 0.9809 0.9816 1.0000 0.9824 0.9857 0.9866 0.9813 0.9870 0.9873 0.9870 0.9707 0.9801 0.9838 0.9584 0.9872 0.9816 0.9879 0.9838 0.9754 0.9872 0.9880 0.9787 0.9825 0.9817 0.9857 0.9887 0.9883 0.9840 0.9866 0.9841 0.9880 0.9786 0.9703 0.9880 0.9871 0.9864 0.9770 0.9854 0.9885 0.9796 0.9801 0.9842 0.9865 0.9868 0.9876 0.9851 0.9870 0.9858 0.9849 0.9799 0.9851 0.9868 0.9838 0.9670 0.9850 0.9878 0.9864 0.9799 0.9858 0.9835 0.9855 0.9863 0.9850 0.9785 0.9861 0.9869 0.9866 0.9749 0.9625
0.9659 0.9798 0.9880 0.9879 0.9817 0.9746 0.9841 0.9870 0.9883 0.9832 0.9728 0.9851 0.9757 0.9629 0.9860 0.9796 0.9832 0.9649 0.9796 0.9887 0.9564 0.9733 0.9817 0.9885 0.9807 0.9870 0.9810 0.9795 0.9857 0.9867 0.9796 0.9731 0.9889 0.9824 1.0000 0.9848 0.9868 0.9703 0.9798 0.9859 0.9850 0.9603 0.9858 0.9758 0.9699 0.9817 0.9713 0.9833 0.9790 0.9648 0.9871 0.9817 0.9707 0.9718 0.9736 0.9757 0.9822 0.9839 0.9898 0.9831 0.9877 0.9830 0.9843 0.9592 0.9814 0.9808 0.9886 0.9669 0.9760 0.9815 0.9702 0.9865 0.9868 0.9887 0.9811 0.9861 0.9832 0.9851 0.9836 0.9770 0.9855 0.9753 0.9794 0.9751 0.9751 0.9798 0.9903 0.9780 0.9891 0.9874 0.9749 0.9756 0.9864 0.9885 0.9865 0.9790 0.9784 0.9806 0.9650 0.9731
0.9754 0.9868 0.9829 0.9858 0.9874 0.9846 0.9857 0.9849 0.9778 0.9859 0.9823 0.9870 0.9843 0.9727 0.9855 0.9856 0.9737 0.9740 0.9683 0.9827 0.9679 0.9808 0.9864 0.9801 0.9892 0.9850 0.9886 0.9841 0.9888 0.9798 0.9688 0.9833 0.9823 0.9857 0.9848 1.0000 0.9846 0.9806 0.9875 0.9860 0.9874 0.9702 0.9784 0.9823 0.9581 0.9868 0.9793 0.9890 0.9861 0.9748 0.9869 0.9878 0.9812 0.9820 0.9829 0.9830 0.9892 0.9827 0.9832 0.9877 0.9819 0.9867 0.9758 0.9696 0.9883 0.9837 0.9850 0.9777 0.9841 0.9883 0.9796 0.9794 0.9828 0.9866 0.9885 0.9840 0.9868 0.9841 0.9879 0.9850 0.9786 0.9821 0.9874 0.9833 0.9639 0.9852 0.9876 0.9852 0.9799 0.9848 0.9826 0.9831 0.9861 0.9846 0.9760 0.9857 0.9873 0.9889 0.9759 0.9619
0.9672 0.9826 0.9892 0.9875 0.9844 0.9755 0.9854 0.9877 0.9841 0.9849 0.9767 0.9861 0.9774 0.9654 0.9883 0.9810 0.9842 0.9661 0.9767 0.9888 0.9582 0.9758 0.9829 0.9869 0.9800 0.9877 0.9811 0.9804 0.9868 0.9882 0.9793 0.9742 0.9878 0.9866 0.9868 0.9846 1.0000 0.9730 0.9823 0.9871 0.9864 0.9617 0.9877 0.9761 0.9673 0.9841 0.9736 0.9832 0.9800 0.9669 0.9863 0.9822 0.9722 0.9740 0.9741 0.9782 0.9849 0.9878 0.9901 0.9808 0.9892 0.9859 0.9852 0.9612 0.9825 0.9840 0.9880 0.9691 0.9777 0.9841 0.9721 0.9863 0.9883 0.9885 0.9821 0.9915 0.9851 0.9874 0.9838 0.9781 0.9880 0.9774 0.9793 0.9770 0.9746 0.9800 0.9874 0.9807 0.9864 0.9868 0.9764 0.9780 0.9891 0.9893 0.9862 0.9811 0.9812 0.9809 0.9667 0.9717
0.9877 0.9844 0.9715 0.9748 0.9843 0.9912 0.9808 0.9751 0.9641 0.9804 0.9889 0.9773 0.9886 0.9878 0.9769 0.9858 0.9596 0.9865 0.9544 0.9716 0.9820 0.9896 0.9829 0.9673 0.9857 0.9759 0.9852 0.9854 0.9793 0.9680 0.9564 0.9899 0.9690 0.9813 0.9703 0.9806 0.9730 1.0000 0.9834 0.9781 0.9789 0.9852 0.9660 0.9890 0.9432 0.9833 0.9868 0.9834 0.9832 0.9881 0.9768 0.9830 0.9895 0.9906 0.9898 0.9876 0.9825 0.9756 0.9707 0.9837 0.9704 0.9803 0.9648 0.9845 0.9856 0.9810 0.9742 0.9888 0.9886 0.9838 0.9908 0.9676 0.9717 0.9763 0.9855 0.9740 0.9791 0.9767 0.9816 0.9896 0.9656 0.9871 0.9858 0.9884 0.9511 0.9841 0.9761 0.9854 0.9677 0.9748 0.9891 0.9878 0.9752 0.9722 0.9635 0.9849 0.9886 0.9858 0.9893 0.9474
0.9795 0.9916 0.9804 0.9816 0.9900 0.9858 0.9853 0.9829 0.9736 0.9857 0.9881 0.9844 0.9876 0.9779 0.9842 0.9885 0.9699 0.9772 0.9636 0.9804 0.9715 0.9842 0.9887 0.9768 0.9870 0.9849 0.9895 0.9866 0.9853 0.9760 0.9661 0.9870 0.9800 0.9870 0.9798 0.9875 0.9823 0.9834 1.0000 0.9864 0.9859 0.9748 0.9757 0.9853 0.9536 0.9880 0.9834 0.9899 0.9896 0.9797 0.9845 0.9867 0.9838 0.9842 0.9839 0.9875 0.9904 0.9829 0.9793 0.9854 0.9792 0.9860 0.9726 0.9750 0.9882 0.9840 0.9831 0.9822 0.9873 0.9876 0.9828 0.9771 0.9804 0.9837 0.9890 0.9830 0.9873 0.9847 0.9879 0.9866 0.9745 0.9850 0.9886 0.9870 0.9611 0.9859 0.9841 0.9874 0.9763 0.9842 0.9863 0.9874 0.9857 0.9821 0.9732 0.9879 0.9891 0.9878 0.9790 0.9584
0.9741 0.9863 0.9870 0.9876 0.9877 0.9818 0.9878 0.9882 0.9794 0.9886 0.9812 0.9880 0.9832 0.9716 0.9887 0.9865 0.9769 0.9726 0.9710 0.9854 0.9639 0.9817 0.9858 0.9846 0.9849 0.9885 0.9856 0.9875 0.9881 0.9828 0.9733 0.9803 0.9851 0.9873 0.9859 0.9860 0.9871 0.9781 0.9864 1.0000 0.9871 0.9680 0.9813 0.9824 0.9617 0.9875 0.9793 0.9887 0.9850 0.9736 0.9889 0.9861 0.9776 0.9794 0.9793 0.9831 0.9877 0.9872 0.9868 0.9859 0.9846 0.9896 0.9809 0.9675 0.9870 0.9855 0.9888 0.9747 0.9839 0.9876 0.9778 0.9833 0.9846 0.9892 0.9865 0.9872 0.9876 0.9882 0.9884 0.9836 0.9808 0.9827 0.9854 0.9837 0.9680 0.9851 0.9895 0.9873 0.9833 0.9882 0.9827 0.9825 0.9870 0.9871 0.9808 0.9854 0.9857 0.9857 0.9723 0.9653
0.9746 0.9882 0.9863 0.9885 0.9891 0.9818 0.9879 0.9866 0.9814 0.9885 0.9824 0.9879 0.9837 0.9717 0.9881 0.9876 0.9759 0.9736 0.9709 0.9864 0.9659 0.9812 0.9866 0.9845 0.9851 0.9906 0.9870 0.9851 0.9916 0.9829 0.9733 0.9804 0.9844 0.9870 0.9850 0.9874 0.9864 0.9789 0.9859 0.9871 1.0000 0.9693 0.9799 0.9839 0.9606 0.9887 0.9814 0.9885 0.9840 0.9744 0.9876 0.9888 0.9801 0.9804 0.9817 0.9858 0.9910 0.9838 0.9842 0.9868 0.9859 0.9848 0.9804 0.9687 0.9886 0.9880 0.9882 0.9762 0.9829 0.9870 0.9786 0.9827 0.9858 0.9904 0.9863 0.9867 0.9877 0.9871 0.9888 0.9831 0.9825 0.9822 0.9858 0.9827 0.9683 0.9859 0.9877 0.9837 0.9817 0.9868 0.9826 0.9859 0.9888 0.9886 0.9795 0.9886 0.9870 0.9875 0.9737 0.9639
0.9872 0.9760 0.9612 0.9646 0.9735 0.9826 0.9714 0.9644 0.9541 0.9712 0.9815 0.9674 0.9814 0.9896 0.9665 0.9768 0.9490 0.9887 0.9443 0.9619 0.9879 0.9818 0.9730 0.9570 0.9761 0.9664 0.9768 0.9751 0.9698 0.9573 0.9467 0.9834 0.9591 0.9707 0.9603 0.9702 0.9617 0.9852 0.9748 0.9680 0.9693 1.0000 0.9554 0.9812 0.9328 0.9734 0.9829 0.9737 0.9746 0.9899 0.9679 0.9738 0.9844 0.9844 0.9839 0.9805 0.9733 0.9655 0.9595 0.9746 0.9605 0.9691 0.9539 0.9922 0.9765 0.9721 0.9646 0.9855 0.9792 0.9730 0.9863 0.9566 0.9616 0.9653 0.9760 0.9633 0.9687 0.9659 0.9722 0.9796 0.9548 0.9784 0.9781 0.9798 0.9410 0.9758 0.9658 0.9744 0.9569 0.9654 0.9821 0.9800 0.9645 0.9625 0.9531 0.9765 0.9786 0.9764 0.9876 0.9365
0.9601 0.9760 0.9852 0.9846 0.9777 0.9692 0.9806 0.9841 0.9865 0.9793 0.9687 0.9817 0.9713 0.9579 0.9836 0.9747 0.9883 0.9590 0.9826 0.9858 0.9505 0.9687 0.9775 0.9860 0.9739 0.9834 0.9752 0.9749 0.9803 0.9887 0.9840 0.9676 0.9880 0.9801 0.9858 0.9784 0.9877 0.9660 0.9757 0.9813 0.9799 0.9554 1.0000 0.9699 0.9746 0.9772 0.9661 0.9777 0.9745 0.9599 0.9821 0.9754 0.9656 0.9672 0.9678 0.9718 0.9777 0.9817 0.9891 0.9760 0.9861 0.9798 0.9844 0.9542 0.9758 0.9773 0.9855 0.9620 0.9717 0.9776 0.9647 0.9855 0.9866 0.9833 0.9766 0.9863 0.9786 0.9832 0.9782 0.9718 0.9863 0.9715 0.9741 0.9702 0.9792 0.9751 0.9840 0.9739 0.9875 0.9833 0.9696 0.9713 0.9833 0.9855 0.9894 0.9739 0.9740 0.9746 0.9594 0.9774
0.9863 0.9868 0.9763 0.9797 0.9865 0.9911 0.9856 0.9794 0.9692 0.9846 0.9867 0.9820 0.9903 0.9847 0.9812 0.9887 0.9646 0.9862 0.9596 0.9767 0.9767 0.9910 0.9849 0.9726 0.9888 0.9812 0.9876 0.9897 0.9831 0.9729 0.9619 0.9891 0.9738 0.9838 0.9758 0.9823 0.9761 0.9890 0.9853 0.9824 0.9839 0.9812 0.9699 1.0000 0.9485 0.9859 0.9899 0.9875 0.9846 0.9854 0.9821 0.9865 0.9875 0.9880 0.9888 0.9905 0.9857 0.9799 0.9751 0.9878 0.9751 0.9831 0.9696 0.9797 0.9905 0.9840 0.9793 0.9842 0.9880 0.9865 0.9877 0.9719 0.9760 0.9816 0.9875 0.9774 0.9827 0.9806 0.9852 0.9907 0.9704 0.9901 0.9890 0.9892 0.9564 0.9884 0.9802 0.9860 0.9723 0.9799 0.9904 0.9895 0.9783 0.9776 0.9690 0.9876 0.9902 0.9892 0.9844 0.9520
0.9387 0.9540 0.9688 0.9660 0.9563 0.9472 0.9591 0.9659 0.9754 0.9586 0.9461 0.9625 0.9493 0.9355 0.9636 0.9539 0.9808 0.9377 0.9838 0.9679 0.9282 0.9469 0.9560 0.9728 0.9528 0.9645 0.9534 0.9534 0.9610 0.9720 0.9807 0.9454 0.9715 0.9584 0.9699 0.9581 0.9673 0.9432 0.9536 0.9617 0.9606 0.9328 0.9746 0.9485 1.0000 0.9565 0.9449 0.9567 0.9538 0.9379 0.9623 0.9557 0.9434 0.9445 0.9461 0.9500 0.9568 0.9622 0.9710 0.9558 0.9691 0.9588 0.9744 0.9316 0.9546 0.9572 0.9665 0.9397 0.9496 0.9563 0.9429 0.9709 0.9684 0.9652 0.9544 0.9664 0.9581 0.9628 0.9576 0.9498 0.9740 0.9494 0.9523 0.9486 0.9836 0.9542 0.9652 0.9525 0.9723 0.9644 0.9477 0.9496 0.9640 0.9679 0.9767 0.9530 0.9520 0.9536 0.9371 0.9861
0.9785 0.9882 0.9834 0.9850 0.9899 0.9850 0.9880 0.9857 0.9765 0.9883 0.9850 0.9869 0.9871 0.9766 0.9873 0.9892 0.9720 0.9771 0.9668 0.9828 0.9692 0.9849 0.9891 0.9803 0.9881 0.9874 0.9894 0.9873 0.9897 0.9788 0.9692 0.9844 0.9809 0.9872 0.9817 0.9868 0.9841 0.9833 0.9880 0.9875 0.9887 0.9734 0.9772 0.9859 0.9565 1.0000 0.9826 0.9891 0.9872 0.9788 0.9861 0.9892 0.9820 0.9838 0.9846 0.9870 0.9906 0.9833 0.9813 0.9884 0.9813 0.9860 0.9773 0.9728 0.9892 0.9877 0.9862 0.9801 0.9860 0.9888 0.9828 0.9795 0.9831 0.9875 0.9891 0.9845 0.9863 0.9845 0.9889 0.9856 0.9783 0.9848 0.9865 0.9873 0.9639 0.9877 0.9861 0.9872 0.9801 0.9858 0.9853 0.9891 0.9860 0.9844 0.9752 0.9892 0.9897 0.9884 0.9771 0.9601
0.9869 0.9858 0.9742 0.9774 0.9833 0.9882 0.9820 0.9758 0.9661 0.9817 0.9871 0.9790 0.9890 0.9861 0.9775 0.9858 0.9611 0.9879 0.9565 0.9736 0.9791 0.9875 0.9815 0.9697 0.9837 0.9779 0.9853 0.9848 0.9807 0.9694 0.9598 0.9861 0.9705 0.9816 0.9713 0.9793 0.9736 0.9868 0.9834 0.9793 0.9814 0.9829 0.9661 0.9899 0.9449 0.9826 1.0000 0.9843 0.9810 0.9885 0.9796 0.9839 0.9872 0.9884 0.9877 0.9898 0.9840 0.9764 0.9709 0.9831 0.9726 0.9787 0.9667 0.9833 0.9873 0.9835 0.9764 0.9856 0.9846 0.9828 0.9887 0.9678 0.9725 0.9773 0.9839 0.9747 0.9784 0.9759 0.9806 0.9853 0.9677 0.9880 0.9865 0.9850 0.9537 0.9858 0.9758 0.9819 0.9680 0.9766 0.9879 0.9898 0.9750 0.9748 0.9655 0.9885 0.9881 0.9866 0.9843 0.9479
0.9789 0.9896 0.9840 0.9870 0.9922 0.9878 0.9893 0.9879 0.9773 0.9900 0.9849 0.9880 0.9888 0.9763 0.9877 0.9905 0.9716 0.9775 0.9676 0.9828 0.9695 0.9837 0.9912 0.9800 0.9888 0.9880 0.9915 0.9888 0.9893 0.9793 0.9696 0.9855 0.9827 0.9879 0.9833 0.9890 0.9832 0.9834 0.9899 0.9887 0.9885 0.9737 0.9777 0.9875 0.9567 0.9891 0.9843 1.0000 0.9887 0.9789 0.9870 0.9903 0.9836 0.9835 0.9855 0.9886 0.9896 0.9828 0.9828 0.9907 0.9820 0.9889 0.9771 0.9733 0.9915 0.9873 0.9878 0.9801 0.9882 0.9882 0.9833 0.9797 0.9827 0.9883 0.9886 0.9847 0.9866 0.9867 0.9895 0.9874 0.9776 0.9861 0.9902 0.9866 0.9640 0.9896 0.9877 0.9872 0.9801 0.9861 0.9864 0.9885 0.9857 0.9846 0.9757 0.9908 0.9897 0.9923 0.9771 0.9601
0.9790 0.9873 0.9782 0.9810 0.9894 0.9848 0.9846 0.9843 0.9727 0.9869 0.9857 0.9828 0.9872 0.9768 0.9840 0.9896 0.9686 0.9765 0.9640 0.9788 0.9711 0.9841 0.9881 0.9753 0.9857 0.9836 0.9870 0.9847 0.9840 0.9751 0.9648 0.9862 0.9790 0.9838 0.9790 0.9861 0.9800 0.9832 0.9896 0.9850 0.9840 0.9746 0.9745 0.9846 0.9538 0.9872 0.9810 0.9887 1.0000 0.9792 0.9824 0.9855 0.9827 0.9828 0.9843 0.9863 0.9878 0.9811 0.9789 0.9858 0.9788 0.9863 0.9730 0.9738 0.9881 0.9820 0.9819 0.9805 0.9864 0.9867 0.9825 0.9779 0.9811 0.9842 0.9870 0.9823 0.9857 0.9851 0.9856 0.9863 0.9733 0.9839 0.9866 0.9875 0.9603 0.9848 0.9840 0.9866 0.9773 0.9831 0.9859 0.9862 0.9846 0.9816 0.9720 0.9859 0.9884 0.9875 0.9783 0.9582
0.9910 0.9801 0.9667 0.9701 0.9786 0.9860 0.9756 0.9699 0.9588 0.9760 0.9855 0.9730 0.9869 0.9903 0.9715 0.9818 0.9540 0.9905 0.9494 0.9664 0.9856 0.9855 0.9776 0.9626 0.9807 0.9714 0.9810 0.9799 0.9747 0.9620 0.9518 0.9862 0.9640 0.9754 0.9648 0.9748 0.9669 0.9881 0.9797 0.9736 0.9744 0.9899 0.9599 0.9854 0.9379 0.9788 0.9885 0.9789 0.9792 1.0000 0.9730 0.9792 0.9875 0.9873 0.9870 0.9845 0.9786 0.9701 0.9644 0.9783 0.9651 0.9737 0.9592 0.9899 0.9815 0.9766 0.9701 0.9883 0.9832 0.9785 0.9899 0.9620 0.9665 0.9709 0.9800 0.9681 0.9737 0.9701 0.9767 0.9833 0.9605 0.9825 0.9828 0.9833 0.9459 0.9808 0.9704 0.9791 0.9617 0.9706 0.9862 0.9860 0.9697 0.9682 0.9583 0.9821 0.9838 0.9818 0.9878 0.9411
0.9730 0.9850 0.9875 0.9901 0.9861 0.9809 0.9898 0.9874 0.9824 0.9867 0.9795 0.9902 0.9823 0.9704 0.9867 0.9843 0.9774 0.9731 0.9733 0.9862 0.9635 0.9802 0.9842 0.9844 0.9850 0.9881 0.9850 0.9845 0.9888 0.9851 0.9751 0.9786 0.9857 0.9872 0.9871 0.9869 0.9863 0.9768 0.9845 0.9889 0.9876 0.9679 0.9821 0.9821 0.9623 0.9861 0.9796 0.9870 0.9824 0.9730 1.0000 0.9863 0.9773 0.9795 0.9796 0.9827 0.9879 0.9862 0.9856 0.9862 0.9851 0.9850 0.9801 0.9671 0.9881 0.9866 0.9897 0.9732 0.9815 0.9863 0.9764 0.9806 0.9856 0.9890 0.9864 0.9850 0.9849 0.9842 0.9873 0.9820 0.9820 0.9814 0.9858 0.9800 0.9693 0.9863 0.9883 0.9819 0.9821 0.9892 0.9816 0.9823 0.9853 0.9883 0.9823 0.9855 0.9849 0.9868 0.9718 0.9646
0.9797 0.9890 0.9825 0.9851 0.9885 0.9853 0.9874 0.9858 0.9764 0.9878 0.9840 0.9859 0.9873 0.9762 0.9860 0.9881 0.9710 0.9787 0.9668 0.9818 0.9701 0.9846 0.9861 0.9795 0.9863 0.9876 0.9880 0.9864 0.9906 0.9785 0.9688 0.9835 0.9799 0.9880 0.9817 0.9878 0.9822 0.9830 0.9867 0.9861 0.9888 0.9738 0.9754 0.9865 0.9557 0.9892 0.9839 0.9903 0.9855 0.9792 0.9863 1.0000 0.9817 0.9839 0.9851 0.9883 0.9889 0.9836 0.9815 0.9886 0.9813 0.9864 0.9762 0.9731 0.9898 0.9874 0.9857 0.9798 0.9857 0.9890 0.9830 0.9779 0.9821 0.9872 0.9870 0.9837 0.9850 0.9836 0.9881 0.9863 0.9784 0.9845 0.9893 0.9860 0.9637 0.9881 0.9867 0.9856 0.9788 0.9854 0.9859 0.9879 0.9842 0.9848 0.9749 0.9887 0.9897 0.9895 0.9778 0.9590
0.9856 0.9836 0.9720 0.9750 0.9837 0.9908 0.9806 0.9737 0.9644 0.9800 0.9886 0.9770 0.9873 0.9846 0.9765 0.9865 0.9592 0.9851 0.9543 0.9717 0.9824 0.9867 0.9833 0.9678 0.9859 0.9755 0.9858 0.9840 0.9795 0.9671 0.9564 0.9899 0.9698 0.9787 0.9707 0.9812 0.9722 0.9895 0.9838 0.9776 0.9801 0.9844 0.9656 0.9875 0.9434 0.9820 0.9872 0.9836 0.9827 0.9875 0.9773 0.9817 1.0000 0.9894 0.9909 0.9858 0.9837 0.9739 0.9696 0.9832 0.9699 0.9780 0.9636 0.9845 0.9856 0.9802 0.9748 0.9878 0.9874 0.9808 0.9888 0.9674 0.9717 0.9756 0.9845 0.9729 0.9795 0.9759 0.9822 0.9876 0.9652 0.9844 0.9864 0.9857 0.9511 0.9840 0.9757 0.9832 0.9670 0.9749 0.9885 0.9870 0.9753 0.9723 0.9634 0.9858 0.9873 0.9865 0.9872 0.9472
0.9872 0.9859 0.9730 0.9763 0.9829 0.9903 0.9819 0.9753 0.9655 0.9810 0.9902 0.9786 0.9885 0.9862 0.9767 0.9853 0.9613 0.9869 0.9555 0.9726 0.9814 0.9887 0.9828 0.9686 0.9858 0.9766 0.9869 0.9854 0.9808 0.9694 0.9581 0.9889 0.9701 0.9825 0.9718 0.9820 0.9740 0.9906 0.9842 0.9794 0.9804 0.9844 0.9672 0.9880 0.9445 0.9838 0.9884 0.9835 0.9828 0.9873 0.9795 0.9839 0.9894 1.0000 0.9903 0.9881 0.9842 0.9765 0.9714 0.9846 0.9717 0.9806 0.9655 0.9838 0.9873 0.9814 0.9757 0.9888 0.9891 0.9839 0.9902 0.9685 0.9724 0.9765 0.9862 0.9746 0.9796 0.9765 0.9818 0.9884 0.9665 0.9874 0.9871 0.9885 0.9524 0.9846 0.9775 0.9856 0.9685 0.9759 0.9897 0.9884 0.9759 0.9741 0.9647 0.9865 0.9894 0.9864 0.9889 0.9482
0.9867 0.9854 0.9740 0.9776 0.9846 0.9908 0.9829 0.9769 0.9670 0.9826 0.9872 0.9785 0.9890 0.9840 0.9781 0.9885 0.9617 0.9856 0.9571 0.9746 0.9805 0.9881 0.9844 0.9698 0.9876 0.9776 0.9885 0.9843 0.9825 0.9700 0.9591 0.9886 0.9717 0.9817 0.9736 0.9829 0.9741 0.9898 0.9839 0.9793 0.9817 0.9839 0.9678 0.9888 0.9461 0.9846 0.9877 0.9855 0.9843 0.9870 0.9796 0.9851 0.9909 0.9903 1.0000 0.9875 0.9855 0.9759 0.9718 0.9867 0.9727 0.9797 0.9666 0.9834 0.9877 0.9825 0.9772 0.9867 0.9886 0.9833 0.9903 0.9692 0.9747 0.9781 0.9863 0.9753 0.9793 0.9777 0.9825 0.9888 0.9678 0.9870 0.9887 0.9861 0.9535 0.9854 0.9785 0.9842 0.9701 0.9766 0.9901 0.9892 0.9773 0.9748 0.9656 0.9876 0.9892 0.9889 0.9864 0.9493
0.9842 0.9915 0.9777 0.9810 0.9882 0.9883 0.9865 0.9813 0.9713 0.9866 0.9891 0.9830 0.9917 0.9826 0.9830 0.9893 0.9659 0.9837 0.9612 0.9784 0.9751 0.9889 0.9861 0.9741 0.9854 0.9838 0.9883 0.9871 0.9850 0.9744 0.9641 0.9876 0.9754 0.9857 0.9757 0.9830 0.9782 0.9876 0.9875 0.9831 0.9858 0.9805 0.9718 0.9905 0.9500 0.9870 0.9898 0.9886 0.9863 0.9845 0.9827 0.9883 0.9858 0.9881 0.9875 1.0000 0.9876 0.9801 0.9760 0.9870 0.9778 0.9836 0.9718 0.9792 0.9902 0.9876 0.9808 0.9850 0.9875 0.9871 0.9874 0.9730 0.9776 0.9823 0.9871 0.9805 0.9827 0.9817 0.9851 0.9881 0.9723 0.9889 0.9885 0.9893 0.9587 0.9887 0.9813 0.9852 0.9733 0.9812 0.9891 0.9918 0.9805 0.9800 0.9699 0.9904 0.9917 0.9889 0.9828 0.9536
0.9784 0.9909 0.9843 0.9861 0.9902 0.9853 0.9891 0.9853 0.9768 0.9878 0.9864 0.9864 0.9864 0.9761 0.9865 0.9907 0.9727 0.9765 0.9668 0.9846 0.9702 0.9851 0.9883 0.9806 0.9877 0.9874 0.9894 0.9858 0.9906 0.9801 0.9694 0.9846 0.9818 0.9887 0.9822 0.9892 0.9849 0.9825 0.9904 0.9877 0.9910 0.9733 0.9777 0.9857 0.9568 0.9906 0.9840 0.9896 0.9878 0.9786 0.9879 0.9889 0.9837 0.9842 0.9855 0.9876 1.0000 0.9846 0.9817 0.9870 0.9831 0.9861 0.9765 0.9731 0.9903 0.9876 0.9863 0.9796 0.9863 0.9884 0.9819 0.9795 0.9850 0.9879 0.9886 0.9856 0.9880 0.9863 0.9890 0.9862 0.9790 0.9851 0.9891 0.9854 0.9644 0.9862 0.9866 0.9868 0.9789 0.9863 0.9859 0.9883 0.9881 0.9857 0.9764 0.9899 0.9903 0.9899 0.9773 0.9607
