1.0000	0.6418	0.6322	0.6457	0.5993	0.6018	0.6643	0.6026	0.6418	0.6010	0.6437	0.4768	0.9577	0.6782	0.5994	0.5988	0.5995	0.6013	0.6026	0.6041	0.6436	0.6035	0.9153	0.6433	0.5999	0.9361	0.9074	0.6682	0.6430	0.9079	0.6647	0.9206	0.6005	0.9244	0.6003	0.6002	0.6451	0.6438	0.6438	0.6004	0.9026	0.9154	0.9037	0.9244	0.6616	0.9026	0.5993	0.5996	0.6639	0.6413	0.5996	0.5993	0.5982	0.6440	0.6599	0.6420	0.6002	0.9282	0.5988	0.6011	0.9202	0.9106	0.5997	0.7916	0.6015	0.6442	0.6582	0.6433	0.6430	0.6013	0.5999	0.6021	0.6023	0.5958	0.6444	0.6021	0.5997	0.6440	0.5991	0.6455	0.6015	0.5978	0.6443	0.6508	0.7932	0.5995	0.9179	0.5998	0.6436	0.6641	0.5986	0.6035	0.6023	0.6422	0.5991	0.6649	0.6022	0.6020	0.9093	0.6033
0.6418	1.0000	0.7311	0.9731	0.7064	0.7070	0.6828	0.7067	0.9683	0.7640	0.9666	0.4868	0.6449	0.6679	0.7011	0.7642	0.6955	0.6959	0.7074	0.7026	0.9642	0.7058	0.6447	0.9735	0.6957	0.6444	0.6392	0.6729	0.9794	0.6413	0.6771	0.6432	0.7052	0.6427	0.7045	0.7601	0.9605	0.9734	0.9770	0.6975	0.6400	0.6415	0.6431	0.6444	0.6831	0.6405	0.7075	0.6968	0.6753	0.9777	0.7027	0.7037	0.7091	0.9667	0.6829	0.9755	0.7059	0.6430	0.6962	0.6971	0.6436	0.6421	0.6995	0.6169	0.6992	0.7102	0.6909	0.9770	0.9771	0.7024	0.7606	0.7076	0.7056	0.6985	0.9741	0.6986	0.7732	0.9795	0.7003	0.9624	0.7006	0.6972	0.9779	0.6912	0.6144	0.7045	0.6422	0.7050	0.9763	0.6788	0.6971	0.7074	0.7554	0.9796	0.7012	0.6800	0.7007	0.7556	0.6437	0.7037
0.6322	0.7311	1.0000	0.7247	0.6097	0.6101	0.9043	0.6092	0.7239	0.9152	0.7196	0.4408	0.6469	0.8808	0.6064	0.9121	0.6033	0.6042	0.6113	0.6097	0.7193	0.6102	0.6668	0.7206	0.6034	0.6528	0.6653	0.8890	0.7230	0.6721	0.8969	0.6602	0.6092	0.6593	0.6082	0.9177	0.7208	0.7204	0.7241	0.6045	0.6684	0.6666	0.6636	0.6579	0.9063	0.6734	0.6092	0.6042	0.8932	0.7213	0.6079	0.6061	0.6092	0.7181	0.9053	0.7225	0.6079	0.6609	0.6036	0.6037	0.6580	0.6660	0.6058	0.7439	0.6060	0.9536	0.9173	0.7264	0.7276	0.6073	0.9167	0.6097	0.6102	0.6050	0.7286	0.6064	0.9029	0.7239	0.6051	0.7213	0.6067	0.6051	0.7255	0.9195	0.7400	0.6091	0.6605	0.6096	0.7249	0.8983	0.6036	0.6115	0.9251	0.7271	0.6052	0.9010	0.6075	0.9258	0.6654	0.6083
0.6457	0.9731	0.7247	1.0000	0.7027	0.7032	0.6783	0.7034	0.9746	0.7555	0.9785	0.4850	0.6473	0.6642	0.6980	0.7552	0.6925	0.6927	0.7033	0.6988	0.9738	0.7027	0.6454	0.9809	0.6926	0.6460	0.6394	0.6688	0.9809	0.6416	0.6728	0.6440	0.7012	0.6435	0.7010	0.7516	0.9729	0.9789	0.9829	0.6944	0.6401	0.6420	0.6432	0.6455	0.6784	0.6405	0.7037	0.6934	0.6708	0.9778	0.6991	0.7006	0.7052	0.9786	0.6779	0.9807	0.7030	0.6439	0.6929	0.6947	0.6443	0.6425	0.6959	0.6155	0.6959	0.7041	0.6861	0.9808	0.9831	0.6991	0.7520	0.7042	0.7020	0.6945	0.9800	0.6951	0.7643	0.9823	0.6969	0.9759	0.6972	0.6932	0.9811	0.6857	0.6127	0.7005	0.6428	0.7008	0.9825	0.6745	0.6935	0.7037	0.7474	0.9799	0.6978	0.6755	0.6975	0.7471	0.6442	0.7007
0.5993	0.7064	0.6097	0.7027	1.0000	0.9828	0.6097	0.9814	0.6934	0.6084	0.7011	0.5921	0.6006	0.6033	0.9811	0.6103	0.9772	0.9736	0.9826	0.9803	0.7060	0.9815	0.5957	0.7088	0.9776	0.5958	0.5897	0.6064	0.7003	0.5922	0.6077	0.5945	0.9824	0.5973	0.9849	0.6056	0.6958	0.6990	0.6992	0.9806	0.5918	0.5937	0.5930	0.5959	0.6087	0.5916	0.9813	0.9759	0.6069	0.6959	0.9826	0.9795	0.9841	0.7030	0.6116	0.6973	0.9807	0.5972	0.9782	0.9716	0.5963	0.5931	0.9807	0.5674	0.9784	0.6120	0.6119	0.7029	0.6971	0.9807	0.6109	0.9813	0.9835	0.9780	0.6939	0.9763	0.6107	0.7045	0.9820	0.6916	0.9815	0.9729	0.6977	0.6104	0.5671	0.9822	0.5936	0.9812	0.6979	0.6085	0.9780	0.9787	0.6052	0.7060	0.9812	0.6086	0.9803	0.6058	0.5957	0.9787
0.6018	0.7070	0.6101	0.7032	0.9828	1.0000	0.6109	0.9837	0.6940	0.6083	0.7015	0.5924	0.6030	0.6047	0.9781	0.6101	0.9767	0.9761	0.9865	0.9812	0.7063	0.9814	0.5980	0.7093	0.9758	0.5983	0.5923	0.6077	0.7008	0.5946	0.6088	0.5971	0.9836	0.5999	0.9842	0.6055	0.6961	0.6996	0.6997	0.9789	0.5944	0.5962	0.5954	0.5985	0.6099	0.5940	0.9806	0.9757	0.6082	0.6965	0.9816	0.9793	0.9821	0.7034	0.6127	0.6978	0.9771	0.5996	0.9777	0.9701	0.5988	0.5956	0.9836	0.5694	0.9797	0.6127	0.6129	0.7032	0.6976	0.9807	0.6107	0.9836	0.9839	0.9760	0.6944	0.9781	0.6107	0.7050	0.9789	0.6921	0.9811	0.9751	0.6984	0.6114	0.5691	0.9807	0.5961	0.9837	0.6984	0.6097	0.9796	0.9796	0.6050	0.7064	0.9814	0.6097	0.9794	0.6056	0.5981	0.9762
0.6643	0.6828	0.9043	0.6783	0.6097	0.6109	1.0000	0.6099	0.6760	0.8257	0.6731	0.4490	0.6797	0.9662	0.6075	0.8230	0.6059	0.6074	0.6122	0.6120	0.6730	0.6117	0.6995	0.6744	0.6061	0.6856	0.6991	0.9743	0.6759	0.7059	0.9816	0.6934	0.6100	0.6933	0.6089	0.8281	0.6744	0.6738	0.6768	0.6069	0.7024	0.7009	0.6965	0.6908	0.9826	0.7080	0.6086	0.6063	0.9797	0.6736	0.6089	0.6067	0.6080	0.6723	0.9801	0.6748	0.6078	0.6944	0.6057	0.6059	0.6910	0.6996	0.6076	0.7907	0.6086	0.9451	0.9781	0.6789	0.6796	0.6089	0.8274	0.6101	0.6110	0.6059	0.6806	0.6090	0.8149	0.6771	0.6063	0.6748	0.6087	0.6073	0.6782	0.9690	0.7861	0.6099	0.6938	0.6103	0.6774	0.9816	0.6058	0.6127	0.8353	0.6793	0.6063	0.9828	0.6096	0.8356	0.6985	0.6096
0.6026	0.7067	0.6092	0.7034	0.9814	0.9837	0.6099	1.0000	0.6941	0.6075	0.7019	0.5929	0.6032	0.6040	0.9813	0.6092	0.9800	0.9789	0.9828	0.9826	0.7068	0.9856	0.5976	0.7096	0.9801	0.5982	0.5918	0.6068	0.7007	0.5942	0.6078	0.5966	0.9806	0.5997	0.9833	0.6046	0.6966	0.6997	0.6998	0.9825	0.5937	0.5958	0.5948	0.5982	0.6089	0.5935	0.9826	0.9773	0.6072	0.6964	0.9810	0.9832	0.9783	0.7039	0.6116	0.6979	0.9815	0.5995	0.9794	0.9772	0.5984	0.5951	0.9820	0.5691	0.9815	0.6116	0.6119	0.7033	0.6978	0.9850	0.6099	0.9871	0.9835	0.9737	0.6945	0.9812	0.6098	0.7051	0.9814	0.6925	0.9817	0.9722	0.6983	0.6102	0.5688	0.9783	0.5957	0.9789	0.6985	0.6087	0.9796	0.9794	0.6042	0.7065	0.9848	0.6088	0.9809	0.6047	0.5977	0.9823
0.6418	0.9683	0.7239	0.9746	0.6934	0.6940	0.6760	0.6941	1.0000	0.7559	0.9800	0.4769	0.6424	0.6613	0.6886	0.7559	0.6830	0.6832	0.6940	0.6896	0.9761	0.6931	0.6400	0.9760	0.6833	0.6407	0.6339	0.6660	0.9756	0.6362	0.6701	0.6386	0.6919	0.6381	0.6919	0.7526	0.9758	0.9804	0.9799	0.6848	0.6344	0.6367	0.6374	0.6400	0.6762	0.6351	0.6945	0.6846	0.6686	0.9764	0.6898	0.6911	0.6960	0.9767	0.6758	0.9830	0.6937	0.6385	0.6834	0.6856	0.6388	0.6369	0.6868	0.6100	0.6862	0.7031	0.6839	0.9772	0.9790	0.6897	0.7522	0.6949	0.6929	0.6851	0.9778	0.6858	0.7651	0.9765	0.6878	0.9819	0.6881	0.6833	0.9775	0.6844	0.6074	0.6913	0.6373	0.6914	0.9766	0.6721	0.6843	0.6939	0.7477	0.9733	0.6885	0.6732	0.6881	0.7479	0.6385	0.6914
0.6010	0.7640	0.9152	0.7555	0.6084	0.6083	0.8257	0.6075	0.7559	1.0000	0.7505	0.4351	0.6145	0.8043	0.6044	0.9841	0.6000	0.6006	0.6094	0.6064	0.7501	0.6080	0.6334	0.7517	0.6002	0.6202	0.6314	0.8111	0.7546	0.6377	0.8182	0.6267	0.6075	0.6259	0.6065	0.9812	0.7513	0.7511	0.7555	0.6015	0.6343	0.6323	0.6304	0.6249	0.8266	0.6388	0.6084	0.6013	0.8145	0.7536	0.6057	0.6049	0.6094	0.7488	0.8259	0.7548	0.6068	0.6274	0.6007	0.6008	0.6249	0.6322	0.6030	0.6975	0.6029	0.8744	0.8379	0.7584	0.7598	0.6049	0.9808	0.6083	0.6081	0.6030	0.7600	0.6029	0.9775	0.7552	0.6030	0.7516	0.6037	0.6024	0.7567	0.8408	0.6944	0.6073	0.6272	0.6077	0.7569	0.8190	0.6007	0.6093	0.9800	0.7599	0.6033	0.8225	0.6046	0.9770	0.6321	0.6061
0.6437	0.9666	0.7196	0.9785	0.7011	0.7015	0.6731	0.7019	0.9800	0.7505	1.0000	0.4812	0.6439	0.6588	0.6965	0.7503	0.6909	0.6909	0.7016	0.6971	0.9842	0.7009	0.6407	0.9813	0.6911	0.6417	0.6344	0.6636	0.9743	0.6368	0.6674	0.6394	0.6995	0.6390	0.6996	0.7467	0.9799	0.9795	0.9809	0.6926	0.6349	0.6373	0.6379	0.6410	0.6733	0.6355	0.7020	0.6923	0.6658	0.9751	0.6974	0.6989	0.7035	0.9835	0.6728	0.9811	0.7016	0.6396	0.6912	0.6934	0.6397	0.6375	0.6945	0.6092	0.6939	0.6991	0.6809	0.9785	0.9785	0.6974	0.7470	0.7026	0.7005	0.6926	0.9763	0.6934	0.7592	0.9780	0.6956	0.9827	0.6957	0.6909	0.9756	0.6807	0.6065	0.6986	0.6380	0.6989	0.9759	0.6692	0.6919	0.7017	0.7423	0.9772	0.6963	0.6703	0.6959	0.7422	0.6392	0.6992
0.4768	0.4868	0.4408	0.4850	0.5921	0.5924	0.4490	0.5929	0.4769	0.4351	0.4812	1.0000	0.4806	0.4498	0.5945	0.4361	0.5953	0.5959	0.5931	0.5938	0.4841	0.5943	0.4789	0.4865	0.5944	0.4786	0.4766	0.4483	0.4836	0.4766	0.4477	0.4782	0.5940	0.4806	0.5930	0.4331	0.4789	0.4819	0.4821	0.5951	0.4777	0.4780	0.4784	0.4783	0.4476	0.4771	0.5940	0.5923	0.4464	0.4801	0.5927	0.5940	0.5933	0.4836	0.4483	0.4805	0.5919	0.4809	0.5937	0.5940	0.4795	0.4782	0.5932	0.4557	0.5952	0.4448	0.4486	0.4852	0.4805	0.5940	0.4382	0.5940	0.5935	0.5944	0.4790	0.5953	0.4371	0.4856	0.5932	0.4761	0.5948	0.5966	0.4814	0.4457	0.4569	0.5940	0.4784	0.5938	0.4819	0.4480	0.5942	0.5950	0.4340	0.4865	0.5932	0.4486	0.5942	0.4343	0.4803	0.5951
0.9577	0.6449	0.6469	0.6473	0.6006	0.6030	0.6797	0.6032	0.6424	0.6145	0.6439	0.4806	1.0000	0.6943	0.6000	0.6125	0.6002	0.6021	0.6039	0.6051	0.6434	0.6043	0.9514	0.6443	0.6004	0.9698	0.9439	0.6840	0.6451	0.9429	0.6804	0.9571	0.6020	0.9599	0.6011	0.6137	0.6451	0.6450	0.6454	0.6012	0.9394	0.9518	0.9407	0.9611	0.6770	0.9378	0.6004	0.5997	0.6793	0.6433	0.6009	0.6002	0.5995	0.6443	0.6752	0.6432	0.6005	0.9634	0.5997	0.6008	0.9571	0.9470	0.6004	0.8161	0.6027	0.6593	0.6734	0.6449	0.6447	0.6022	0.6137	0.6029	0.6032	0.5975	0.6463	0.6030	0.6132	0.6457	0.5996	0.6455	0.6023	0.6002	0.6464	0.6660	0.8176	0.6010	0.9543	0.6016	0.6455	0.6798	0.5995	0.6051	0.6161	0.6442	0.5998	0.6805	0.6029	0.6158	0.9458	0.6036
0.6782	0.6679	0.8808	0.6642	0.6033	0.6047	0.9662	0.6040	0.6613	0.8043	0.6588	0.4498	0.6943	1.0000	0.6016	0.8014	0.6004	0.6022	0.6060	0.6062	0.6588	0.6058	0.7148	0.6602	0.6005	0.7004	0.7149	0.9763	0.6615	0.7218	0.9700	0.7087	0.6038	0.7088	0.6027	0.8065	0.6604	0.6597	0.6624	0.6014	0.7182	0.7168	0.7116	0.7058	0.9622	0.7241	0.6023	0.6004	0.9694	0.6592	0.6027	0.6008	0.6014	0.6583	0.9589	0.6603	0.6017	0.7097	0.6000	0.6005	0.7060	0.7152	0.6016	0.8136	0.6031	0.9184	0.9525	0.6645	0.6652	0.6030	0.8062	0.6041	0.6048	0.5998	0.6663	0.6035	0.7941	0.6628	0.6003	0.6607	0.6029	0.6018	0.6639	0.9429	0.8086	0.6036	0.7091	0.6042	0.6633	0.9679	0.5999	0.6068	0.8137	0.6650	0.6003	0.9678	0.6039	0.8134	0.7139	0.6039
0.5994	0.7011	0.6064	0.6980	0.9811	0.9781	0.6075	0.9813	0.6886	0.6044	0.6965	0.5945	0.6000	0.6016	1.0000	0.6062	0.9826	0.9792	0.9785	0.9779	0.7013	0.9837	0.5945	0.7040	0.9821	0.5949	0.5886	0.6045	0.6952	0.5911	0.6054	0.5933	0.9791	0.5964	0.9827	0.6017	0.6914	0.6940	0.6943	0.9837	0.5906	0.5927	0.5916	0.5948	0.6064	0.5904	0.9791	0.9808	0.6047	0.6909	0.9788	0.9814	0.9777	0.6984	0.6092	0.6924	0.9822	0.5964	0.9824	0.9809	0.5951	0.5919	0.9818	0.5667	0.9824	0.6090	0.6095	0.6980	0.6923	0.9833	0.6069	0.9817	0.9838	0.9759	0.6890	0.9777	0.6066	0.6996	0.9849	0.6870	0.9837	0.9728	0.6928	0.6076	0.5664	0.9775	0.5925	0.9765	0.6930	0.6062	0.9790	0.9762	0.6013	0.7011	0.9827	0.6063	0.9841	0.6019	0.5945	0.9848
0.5988	0.7642	0.9121	0.7552	0.6103	0.6101	0.8230	0.6092	0.7559	0.9841	0.7503	0.4361	0.6125	0.8014	0.6062	1.0000	0.6016	0.6023	0.6112	0.6082	0.7500	0.6097	0.6315	0.7517	0.6019	0.6182	0.6294	0.8084	0.7547	0.6358	0.8156	0.6248	0.6093	0.6241	0.6083	0.9814	0.7509	0.7512	0.7555	0.6032	0.6324	0.6304	0.6287	0.6230	0.8239	0.6369	0.6102	0.6029	0.8121	0.7536	0.6075	0.6065	0.6113	0.7485	0.8232	0.7548	0.6084	0.6255	0.6024	0.6023	0.6231	0.6302	0.6048	0.6950	0.6045	0.8720	0.8350	0.7584	0.7596	0.6065	0.9815	0.6100	0.6099	0.6048	0.7597	0.6046	0.9797	0.7552	0.6048	0.7512	0.6055	0.6041	0.7565	0.8383	0.6920	0.6092	0.6253	0.6095	0.7566	0.8164	0.6024	0.6110	0.9766	0.7599	0.6051	0.8198	0.6063	0.9767	0.6303	0.6079
0.5995	0.6955	0.6033	0.6925	0.9772	0.9767	0.6059	0.9800	0.6830	0.6000	0.6909	0.5953	0.6002	0.6004	0.9826	0.6016	1.0000	0.9847	0.9770	0.9795	0.6956	0.9794	0.5947	0.6984	0.9860	0.5952	0.5889	0.6032	0.6897	0.5913	0.6039	0.5936	0.9790	0.5967	0.9795	0.5972	0.6857	0.6886	0.6888	0.9851	0.5909	0.5929	0.5919	0.5951	0.6048	0.5906	0.9768	0.9803	0.6033	0.6854	0.9806	0.9806	0.9724	0.6928	0.6076	0.6868	0.9771	0.5966	0.9835	0.9805	0.5955	0.5921	0.9811	0.5664	0.9820	0.6065	0.6076	0.6923	0.6868	0.9825	0.6025	0.9794	0.9804	0.9763	0.6835	0.9832	0.6020	0.6940	0.9818	0.6815	0.9832	0.9760	0.6873	0.6059	0.5662	0.9758	0.5928	0.9755	0.6875	0.6048	0.9823	0.9763	0.5971	0.6955	0.9832	0.6049	0.9830	0.5976	0.5947	0.9804
0.6013	0.6959	0.6042	0.6927	0.9736	0.9761	0.6074	0.9789	0.6832	0.6006	0.6909	0.5959	0.6021	0.6022	0.9792	0.6023	0.9847	1.0000	0.9773	0.9794	0.6956	0.9788	0.5965	0.6986	0.9824	0.5971	0.5910	0.6050	0.6901	0.5932	0.6055	0.5956	0.9773	0.5988	0.9759	0.5979	0.6858	0.6888	0.6891	0.9844	0.5930	0.5949	0.5938	0.5970	0.6064	0.5926	0.9732	0.9798	0.6051	0.6857	0.9757	0.9785	0.9704	0.6929	0.6091	0.6870	0.9723	0.5985	0.9813	0.9780	0.5974	0.5942	0.9790	0.5687	0.9840	0.6077	0.6090	0.6925	0.6870	0.9809	0.6031	0.9791	0.9783	0.9732	0.6838	0.9836	0.6027	0.6943	0.9791	0.6816	0.9807	0.9772	0.6877	0.6073	0.5684	0.9732	0.5949	0.9752	0.6878	0.6064	0.9796	0.9749	0.5977	0.6958	0.9820	0.6065	0.9800	0.5982	0.5967	0.9802
0.6026	0.7074	0.6113	0.7033	0.9826	0.9865	0.6122	0.9828	0.6940	0.6094	0.7016	0.5931	0.6039	0.6060	0.9785	0.6112	0.9770	0.9773	1.0000	0.9830	0.7063	0.9828	0.5992	0.7094	0.9760	0.5995	0.5936	0.6090	0.7011	0.5958	0.6101	0.5982	0.9843	0.6012	0.9828	0.6066	0.6962	0.6997	0.6999	0.9785	0.5957	0.5974	0.5967	0.5996	0.6111	0.5953	0.9813	0.9755	0.6095	0.6968	0.9820	0.9779	0.9808	0.7035	0.6140	0.6979	0.9763	0.6008	0.9785	0.9693	0.6000	0.5969	0.9820	0.5709	0.9797	0.6139	0.6142	0.7034	0.6979	0.9800	0.6118	0.9836	0.9841	0.9767	0.6946	0.9795	0.6117	0.7052	0.9792	0.6922	0.9805	0.9772	0.6986	0.6126	0.5706	0.9831	0.5974	0.9853	0.6986	0.6110	0.9776	0.9835	0.6062	0.7067	0.9814	0.6110	0.9809	0.6068	0.5994	0.9776
0.6041	0.7026	0.6097	0.6988	0.9803	0.9812	0.6120	0.9826	0.6896	0.6064	0.6971	0.5938	0.6051	0.6062	0.9779	0.6082	0.9795	0.9794	0.9830	1.0000	0.7019	0.9820	0.5999	0.7049	0.9813	0.6003	0.5942	0.6090	0.6964	0.5965	0.6100	0.5989	0.9822	0.6019	0.9805	0.6037	0.6918	0.6952	0.6954	0.9810	0.5961	0.5981	0.5973	0.6004	0.6110	0.5958	0.9789	0.9786	0.6094	0.6921	0.9810	0.9767	0.9745	0.6991	0.6140	0.6934	0.9748	0.6018	0.9808	0.9726	0.6007	0.5975	0.9826	0.5711	0.9795	0.6129	0.6138	0.6987	0.6933	0.9809	0.6089	0.9802	0.9824	0.9769	0.6901	0.9838	0.6085	0.7007	0.9803	0.6879	0.9819	0.9745	0.6940	0.6124	0.5709	0.9811	0.5981	0.9795	0.6940	0.6108	0.9798	0.9793	0.6033	0.7019	0.9814	0.6110	0.9820	0.6040	0.6001	0.9785
0.6436	0.9642	0.7193	0.9738	0.7060	0.7063	0.6730	0.7068	0.9761	0.7501	0.9842	0.4841	0.6434	0.6588	0.7013	0.7500	0.6956	0.6956	0.7063	0.7019	1.0000	0.7057	0.6399	0.9825	0.6959	0.6410	0.6335	0.6636	0.9699	0.6359	0.6674	0.6385	0.7041	0.6383	0.7044	0.7464	0.9782	0.9756	0.9761	0.6974	0.6340	0.6365	0.6370	0.6401	0.6733	0.6347	0.7068	0.6971	0.6657	0.9695	0.7022	0.7037	0.7084	0.9823	0.6728	0.9765	0.7066	0.6390	0.6959	0.6984	0.6389	0.6367	0.6992	0.6089	0.6986	0.6989	0.6808	0.9756	0.9743	0.7021	0.7469	0.7074	0.7054	0.6971	0.9698	0.6983	0.7587	0.9750	0.7004	0.9786	0.7004	0.6952	0.9700	0.6806	0.6063	0.7034	0.6372	0.7035	0.9718	0.6692	0.6965	0.7064	0.7419	0.9747	0.7011	0.6703	0.7006	0.7419	0.6383	0.7042
0.6035	0.7058	0.6102	0.7027	0.9815	0.9814	0.6117	0.9856	0.6931	0.6080	0.7009	0.5943	0.6043	0.6058	0.9837	0.6097	0.9794	0.9788	0.9828	0.9820	0.7057	1.0000	0.5991	0.7086	0.9805	0.5995	0.5932	0.6086	0.6999	0.5956	0.6097	0.5980	0.9809	0.6010	0.9829	0.6052	0.6956	0.6987	0.6990	0.9821	0.5953	0.5972	0.5964	0.5995	0.6106	0.5950	0.9821	0.9764	0.6088	0.6955	0.9794	0.9834	0.9781	0.7029	0.6134	0.6969	0.9822	0.6008	0.9798	0.9767	0.5998	0.5965	0.9802	0.5709	0.9831	0.6129	0.6136	0.7025	0.6969	0.9836	0.6104	0.9848	0.9844	0.9764	0.6936	0.9796	0.6103	0.7042	0.9805	0.6916	0.9817	0.9738	0.6975	0.6118	0.5706	0.9816	0.5971	0.9791	0.6976	0.6104	0.9780	0.9799	0.6048	0.7056	0.9825	0.6105	0.9828	0.6054	0.5991	0.9818
0.9153	0.6447	0.6668	0.6454	0.5957	0.5980	0.6995	0.5976	0.6400	0.6334	0.6407	0.4789	0.9514	0.7148	0.5945	0.6315	0.5947	0.5965	0.5992	0.5999	0.6399	0.5991	1.0000	0.6418	0.5946	0.9674	0.9782	0.7035	0.6436	0.9798	0.7007	0.9770	0.5973	0.9758	0.5959	0.6329	0.6419	0.6427	0.6434	0.5957	0.9770	0.9817	0.9765	0.9763	0.6966	0.9759	0.5956	0.5936	0.6986	0.6418	0.5959	0.5948	0.5948	0.6411	0.6950	0.6412	0.5947	0.9761	0.5943	0.5944	0.9794	0.9810	0.5949	0.8466	0.5975	0.6792	0.6932	0.6433	0.6434	0.5967	0.6329	0.5974	0.5980	0.5934	0.6451	0.5977	0.6318	0.6439	0.5940	0.6422	0.5968	0.5961	0.6450	0.6857	0.8484	0.5965	0.9809	0.5973	0.6441	0.6996	0.5941	0.6005	0.6357	0.6429	0.5943	0.7006	0.5976	0.6352	0.9785	0.5977
0.6433	0.9735	0.7206	0.9809	0.7088	0.7093	0.6744	0.7096	0.9760	0.7517	0.9813	0.4865	0.6443	0.6602	0.7040	0.7517	0.6984	0.6986	0.7094	0.7049	0.9825	0.7086	0.6418	1.0000	0.6986	0.6425	0.6356	0.6649	0.9776	0.6379	0.6688	0.6404	0.7073	0.6401	0.7072	0.7478	0.9748	0.9796	0.9820	0.7002	0.6363	0.6384	0.6393	0.6419	0.6746	0.6368	0.7099	0.6997	0.6671	0.9772	0.7051	0.7066	0.7113	0.9819	0.6742	0.9806	0.7091	0.6405	0.6988	0.7007	0.6409	0.6387	0.7020	0.6108	0.7016	0.7002	0.6822	0.9805	0.9806	0.7051	0.7484	0.7102	0.7081	0.7004	0.9752	0.7011	0.7605	0.9838	0.7031	0.9762	0.7033	0.6988	0.9770	0.6820	0.6082	0.7066	0.6392	0.7068	0.9799	0.6706	0.6994	0.7095	0.7435	0.9822	0.7040	0.6716	0.7034	0.7434	0.6405	0.7068
0.5999	0.6957	0.6034	0.6926	0.9776	0.9758	0.6061	0.9801	0.6833	0.6002	0.6911	0.5944	0.6004	0.6005	0.9821	0.6019	0.9860	0.9824	0.9760	0.9813	0.6959	0.9805	0.5946	0.6986	1.0000	0.5953	0.5889	0.6032	0.6899	0.5912	0.6041	0.5936	0.9777	0.5967	0.9807	0.5974	0.6859	0.6887	0.6890	0.9853	0.5908	0.5929	0.5918	0.5951	0.6050	0.5906	0.9768	0.9825	0.6034	0.6855	0.9801	0.9820	0.9719	0.6929	0.6078	0.6870	0.9780	0.5967	0.9848	0.9826	0.5954	0.5921	0.9814	0.5662	0.9817	0.6067	0.6077	0.6924	0.6868	0.9832	0.6027	0.9787	0.9803	0.9757	0.6837	0.9822	0.6022	0.6942	0.9834	0.6818	0.9823	0.9735	0.6875	0.6061	0.5660	0.9759	0.5927	0.9741	0.6876	0.6049	0.9832	0.9732	0.5972	0.6956	0.9842	0.6051	0.9832	0.5978	0.5947	0.9818
0.9361	0.6444	0.6528	0.6460	0.5958	0.5983	0.6856	0.5982	0.6407	0.6202	0.6417	0.4786	0.9698	0.7004	0.5949	0.6182	0.5952	0.5971	0.5995	0.6003	0.6410	0.5995	0.9674	0.6425	0.5953	1.0000	0.9625	0.6896	0.6441	0.9592	0.6865	0.9754	0.5975	0.9758	0.5962	0.6196	0.6428	0.6435	0.6440	0.5960	0.9593	0.9687	0.9617	0.9771	0.6829	0.9557	0.5958	0.5943	0.6850	0.6423	0.5961	0.5952	0.5948	0.6422	0.6810	0.6418	0.5952	0.9731	0.5947	0.5951	0.9763	0.9665	0.5954	0.8269	0.5979	0.6653	0.6794	0.6436	0.6437	0.5971	0.6194	0.5981	0.5983	0.5932	0.6453	0.5981	0.6190	0.6444	0.5944	0.6434	0.5973	0.5961	0.6454	0.6718	0.8286	0.5965	0.9720	0.5973	0.6445	0.6856	0.5946	0.6007	0.6221	0.6431	0.5947	0.6865	0.5979	0.6217	0.9649	0.5983
0.9074	0.6392	0.6653	0.6394	0.5897	0.5923	0.6991	0.5918	0.6339	0.6314	0.6344	0.4766	0.9439	0.7149	0.5886	0.6294	0.5889	0.5910	0.5936	0.5942	0.6335	0.5932	0.9782	0.6356	0.5889	0.9625	1.0000	0.7035	0.6379	0.9793	0.7004	0.9776	0.5916	0.9741	0.5900	0.6308	0.6354	0.6368	0.6376	0.5899	0.9819	0.9798	0.9783	0.9725	0.6963	0.9795	0.5898	0.5878	0.6985	0.6360	0.5901	0.5889	0.5889	0.6348	0.6943	0.6352	0.5886	0.9718	0.5885	0.5883	0.9749	0.9838	0.5892	0.8506	0.5918	0.6782	0.6926	0.6374	0.6376	0.5909	0.6308	0.5917	0.5922	0.5876	0.6393	0.5920	0.6298	0.6381	0.5881	0.6359	0.5910	0.5908	0.6392	0.6850	0.8521	0.5907	0.9795	0.5917	0.6383	0.6992	0.5884	0.5949	0.6336	0.6370	0.5885	0.7002	0.5917	0.6332	0.9790	0.5918
0.6682	0.6729	0.8890	0.6688	0.6064	0.6077	0.9743	0.6068	0.6660	0.8111	0.6636	0.4483	0.6840	0.9763	0.6045	0.8084	0.6032	0.6050	0.6090	0.6090	0.6636	0.6086	0.7035	0.6649	0.6032	0.6896	0.7035	1.0000	0.6663	0.7104	0.9757	0.6978	0.6067	0.6977	0.6057	0.8135	0.6651	0.6644	0.6673	0.6042	0.7067	0.7054	0.7006	0.6949	0.9732	0.7124	0.6052	0.6033	0.9788	0.6640	0.6056	0.6036	0.6045	0.6630	0.9677	0.6651	0.6046	0.6987	0.6028	0.6032	0.6951	0.7039	0.6046	0.7987	0.6059	0.9284	0.9621	0.6693	0.6701	0.6059	0.8131	0.6070	0.6077	0.6026	0.6711	0.6062	0.8007	0.6675	0.6032	0.6654	0.6057	0.6047	0.6687	0.9526	0.7934	0.6065	0.6981	0.6072	0.6680	0.9760	0.6027	0.6097	0.8206	0.6699	0.6032	0.9750	0.6066	0.8206	0.7027	0.6068
0.6430	0.9794	0.7230	0.9809	0.7003	0.7008	0.6759	0.7007	0.9756	0.7546	0.9743	0.4836	0.6451	0.6615	0.6952	0.7547	0.6897	0.6901	0.7011	0.6964	0.9699	0.6999	0.6436	0.9776	0.6899	0.6441	0.6379	0.6663	1.0000	0.6399	0.6702	0.6424	0.6989	0.6418	0.6985	0.7509	0.9693	0.9804	0.9851	0.6916	0.6386	0.6403	0.6419	0.6437	0.6760	0.6389	0.7013	0.6909	0.6685	0.9845	0.6965	0.6978	0.7029	0.9738	0.6757	0.9824	0.7000	0.6420	0.6902	0.6916	0.6428	0.6409	0.6934	0.6127	0.6932	0.7024	0.6837	0.9816	0.9823	0.6963	0.7511	0.7016	0.6996	0.6922	0.9800	0.6926	0.7638	0.9845	0.6943	0.9722	0.6946	0.6909	0.9845	0.6839	0.6101	0.6982	0.6413	0.6986	0.9834	0.6721	0.6910	0.7011	0.7464	0.9794	0.6952	0.6732	0.6947	0.7464	0.6425	0.6979
0.9079	0.6413	0.6721	0.6416	0.5922	0.5946	0.7059	0.5942	0.6362	0.6377	0.6368	0.4766	0.9429	0.7218	0.5911	0.6358	0.5913	0.5932	0.5958	0.5965	0.6359	0.5956	0.9798	0.6379	0.5912	0.9592	0.9793	0.7104	0.6399	1.0000	0.7072	0.9738	0.5938	0.9712	0.5924	0.6373	0.6379	0.6388	0.6396	0.5923	0.9796	0.9815	0.9730	0.9692	0.7030	0.9820	0.5921	0.5902	0.7052	0.6380	0.5924	0.5913	0.5913	0.6371	0.7012	0.6374	0.5911	0.9700	0.5909	0.5908	0.9713	0.9806	0.5916	0.8582	0.5941	0.6850	0.6994	0.6397	0.6398	0.5933	0.6373	0.5940	0.5945	0.5899	0.6414	0.5943	0.6358	0.6402	0.5905	0.6383	0.5934	0.5929	0.6413	0.6916	0.8598	0.5930	0.9734	0.5939	0.6403	0.7060	0.5907	0.5971	0.6402	0.6394	0.5908	0.7070	0.5942	0.6397	0.9757	0.5943
0.6647	0.6771	0.8969	0.6728	0.6077	0.6088	0.9816	0.6078	0.6701	0.8182	0.6674	0.4477	0.6804	0.9700	0.6054	0.8156	0.6039	0.6055	0.6101	0.6100	0.6674	0.6097	0.7007	0.6688	0.6041	0.6865	0.7004	0.9757	0.6702	0.7072	1.0000	0.6947	0.6079	0.6944	0.6069	0.8205	0.6688	0.6681	0.6712	0.6050	0.7038	0.7021	0.6978	0.6920	0.9784	0.7093	0.6066	0.6041	0.9791	0.6678	0.6069	0.6047	0.6058	0.6666	0.9759	0.6690	0.6057	0.6955	0.6038	0.6039	0.6921	0.7009	0.6056	0.7936	0.6068	0.9374	0.9716	0.6732	0.6739	0.6068	0.8199	0.6080	0.6089	0.6041	0.6749	0.6071	0.8076	0.6715	0.6042	0.6692	0.6068	0.6055	0.6725	0.9617	0.7885	0.6080	0.6950	0.6084	0.6718	0.9815	0.6038	0.6107	0.8279	0.6736	0.6043	0.9811	0.6076	0.8280	0.6998	0.6076
0.9206	0.6432	0.6602	0.6440	0.5945	0.5971	0.6934	0.5966	0.6386	0.6267	0.6394	0.4782	0.9571	0.7087	0.5933	0.6248	0.5936	0.5956	0.5982	0.5989	0.6385	0.5980	0.9770	0.6404	0.5936	0.9754	0.9776	0.6978	0.6424	0.9738	0.6947	1.0000	0.5962	0.9808	0.5948	0.6263	0.6404	0.6414	0.6421	0.5946	0.9742	0.9800	0.9759	0.9820	0.6908	0.9701	0.5944	0.5926	0.6930	0.6404	0.5948	0.5937	0.5936	0.6398	0.6888	0.6398	0.5935	0.9769	0.5932	0.5932	0.9828	0.9812	0.5940	0.8394	0.5965	0.6729	0.6871	0.6419	0.6420	0.5956	0.6261	0.5966	0.5968	0.5920	0.6436	0.5966	0.6254	0.6426	0.5929	0.6409	0.5958	0.5952	0.6437	0.6794	0.8407	0.5952	0.9821	0.5962	0.6427	0.6936	0.5931	0.5995	0.6288	0.6414	0.5932	0.6944	0.5964	0.6284	0.9778	0.5967
0.6005	0.7052	0.6092	0.7012	0.9824	0.9836	0.6100	0.9806	0.6919	0.6075	0.6995	0.5940	0.6020	0.6038	0.9791	0.6093	0.9790	0.9773	0.9843	0.9822	0.7041	0.9809	0.5973	0.7073	0.9777	0.5975	0.5916	0.6067	0.6989	0.5938	0.6079	0.5962	1.0000	0.5991	0.9844	0.6047	0.6941	0.6975	0.6978	0.9795	0.5937	0.5954	0.5948	0.5976	0.6089	0.5932	0.9816	0.9753	0.6072	0.6946	0.9854	0.9804	0.9809	0.7014	0.6118	0.6958	0.9767	0.5989	0.9794	0.9705	0.5981	0.5949	0.9822	0.5686	0.9805	0.6119	0.6120	0.7013	0.6957	0.9807	0.6099	0.9821	0.9845	0.9811	0.6924	0.9815	0.6099	0.7031	0.9800	0.6900	0.9822	0.9791	0.6964	0.6106	0.5683	0.9826	0.5954	0.9855	0.6964	0.6087	0.9800	0.9821	0.6043	0.7045	0.9812	0.6089	0.9788	0.6049	0.5974	0.9767
0.9244	0.6427	0.6593	0.6435	0.5973	0.5999	0.6933	0.5997	0.6381	0.6259	0.6390	0.4806	0.9599	0.7088	0.5964	0.6241	0.5967	0.5988	0.6012	0.6019	0.6383	0.6010	0.9758	0.6401	0.5967	0.9758	0.9741	0.6977	0.6418	0.9712	0.6944	0.9808	0.5991	1.0000	0.5977	0.6254	0.6399	0.6409	0.6416	0.5977	0.9721	0.9795	0.9711	0.9797	0.6905	0.9686	0.5973	0.5957	0.6929	0.6399	0.5976	0.5966	0.5965	0.6394	0.6886	0.6393	0.5965	0.9789	0.5962	0.5964	0.9805	0.9772	0.5970	0.8400	0.5995	0.6723	0.6868	0.6415	0.6415	0.5986	0.6253	0.5995	0.5999	0.5948	0.6429	0.5997	0.6245	0.6421	0.5960	0.6405	0.5988	0.5980	0.6430	0.6792	0.8418	0.5982	0.9795	0.5990	0.6421	0.6936	0.5961	0.6024	0.6280	0.6410	0.5963	0.6943	0.5994	0.6276	0.9747	0.5999
0.6003	0.7045	0.6082	0.7010	0.9849	0.9842	0.6089	0.9833	0.6919	0.6065	0.6996	0.5930	0.6011	0.6027	0.9827	0.6083	0.9795	0.9759	0.9828	0.9805	0.7044	0.9829	0.5959	0.7072	0.9807	0.5962	0.5900	0.6057	0.6985	0.5924	0.6069	0.5948	0.9844	0.5977	1.0000	0.6037	0.6943	0.6973	0.6975	0.9822	0.5921	0.5940	0.5932	0.5962	0.6079	0.5918	0.9824	0.9779	0.6062	0.6942	0.9834	0.9822	0.9828	0.7015	0.6107	0.6957	0.9827	0.5975	0.9805	0.9758	0.5966	0.5934	0.9843	0.5673	0.9800	0.6108	0.6109	0.7011	0.6955	0.9830	0.6089	0.9827	0.9851	0.9776	0.6921	0.9804	0.6088	0.7028	0.9841	0.6901	0.9822	0.9732	0.6961	0.6095	0.5670	0.9815	0.5939	0.9805	0.6961	0.6077	0.9797	0.9785	0.6034	0.7042	0.9834	0.6079	0.9815	0.6039	0.5959	0.9798
0.6002	0.7601	0.9177	0.7516	0.6056	0.6055	0.8281	0.6046	0.7526	0.9812	0.7467	0.4331	0.6137	0.8065	0.6017	0.9814	0.5972	0.5979	0.6066	0.6037	0.7464	0.6052	0.6329	0.7478	0.5974	0.6196	0.6308	0.8135	0.7509	0.6373	0.8205	0.6263	0.6047	0.6254	0.6037	1.0000	0.7474	0.7474	0.7517	0.5986	0.6339	0.6319	0.6300	0.6242	0.8293	0.6383	0.6056	0.5985	0.8172	0.7498	0.6030	0.6018	0.6066	0.7449	0.8285	0.7511	0.6039	0.6267	0.5978	0.5980	0.6243	0.6317	0.6003	0.6977	0.6000	0.8777	0.8404	0.7547	0.7559	0.6020	0.9797	0.6055	0.6054	0.6002	0.7562	0.6001	0.9743	0.7513	0.6002	0.7480	0.6010	0.5995	0.7530	0.8439	0.6946	0.6047	0.6266	0.6049	0.7531	0.8218	0.5979	0.6065	0.9799	0.7559	0.6005	0.8250	0.6018	0.9803	0.6317	0.6034
0.6451	0.9605	0.7208	0.9729	0.6958	0.6961	0.6744	0.6966	0.9758	0.7513	0.9799	0.4789	0.6451	0.6604	0.6914	0.7509	0.6857	0.6858	0.6962	0.6918	0.9782	0.6956	0.6419	0.9748	0.6859	0.6428	0.6354	0.6651	0.9693	0.6379	0.6688	0.6404	0.6941	0.6399	0.6943	0.7474	1.0000	0.9744	0.9744	0.6876	0.6359	0.6385	0.6389	0.6419	0.6746	0.6366	0.6966	0.6870	0.6671	0.9698	0.6921	0.6938	0.6982	0.9803	0.6740	0.9755	0.6964	0.6407	0.6860	0.6885	0.6407	0.6386	0.6891	0.6111	0.6888	0.7002	0.6821	0.9742	0.9750	0.6923	0.7475	0.6973	0.6952	0.6872	0.9730	0.6883	0.7598	0.9730	0.6903	0.9811	0.6906	0.6856	0.9725	0.6818	0.6082	0.6934	0.6392	0.6936	0.9724	0.6706	0.6865	0.6963	0.7434	0.9705	0.6910	0.6717	0.6907	0.7429	0.6401	0.6942
0.6438	0.9734	0.7204	0.9789	0.6990	0.6996	0.6738	0.6997	0.9804	0.7511	0.9795	0.4819	0.6450	0.6597	0.6940	0.7512	0.6886	0.6888	0.6997	0.6952	0.9756	0.6987	0.6427	0.9796	0.6887	0.6435	0.6368	0.6644	0.9804	0.6388	0.6681	0.6414	0.6975	0.6409	0.6973	0.7474	0.9744	1.0000	0.9849	0.6904	0.6371	0.6393	0.6406	0.6430	0.6740	0.6377	0.7000	0.6899	0.6666	0.9830	0.6953	0.6966	0.7015	0.9789	0.6736	0.9854	0.6990	0.6414	0.6890	0.6907	0.6418	0.6398	0.6922	0.6108	0.6919	0.6999	0.6815	0.9789	0.9817	0.6952	0.7477	0.7005	0.6983	0.6907	0.9810	0.6914	0.7602	0.9828	0.6932	0.9781	0.6935	0.6893	0.9817	0.6816	0.6081	0.6968	0.6403	0.6971	0.9823	0.6700	0.6899	0.6997	0.7429	0.9771	0.6940	0.6711	0.6936	0.7431	0.6414	0.6968
0.6438	0.9770	0.7241	0.9829	0.6992	0.6997	0.6768	0.6998	0.9799	0.7555	0.9809	0.4821	0.6454	0.6624	0.6943	0.7555	0.6888	0.6891	0.6999	0.6954	0.9761	0.6990	0.6434	0.9820	0.6890	0.6440	0.6376	0.6673	0.9851	0.6396	0.6712	0.6421	0.6978	0.6416	0.6975	0.7517	0.9744	0.9849	1.0000	0.6907	0.6381	0.6401	0.6413	0.6436	0.6771	0.6385	0.7002	0.6901	0.6695	0.9845	0.6956	0.6969	0.7017	0.9793	0.6766	0.9856	0.6992	0.6420	0.6893	0.6909	0.6424	0.6405	0.6925	0.6128	0.6921	0.7034	0.6847	0.9842	0.9853	0.6954	0.7520	0.7006	0.6986	0.6910	0.9835	0.6916	0.7645	0.9861	0.6935	0.9791	0.6937	0.6896	0.9841	0.6848	0.6102	0.6971	0.6408	0.6974	0.9848	0.6730	0.6899	0.7000	0.7473	0.9816	0.6943	0.6741	0.6938	0.7472	0.6421	0.6971
0.6004	0.6975	0.6045	0.6944	0.9806	0.9789	0.6069	0.9825	0.6848	0.6015	0.6926	0.5951	0.6012	0.6014	0.9837	0.6032	0.9851	0.9844	0.9785	0.9810	0.6974	0.9821	0.5957	0.7002	0.9853	0.5960	0.5899	0.6042	0.6916	0.5923	0.6050	0.5946	0.9795	0.5977	0.9822	0.5986	0.6876	0.6904	0.6907	1.0000	0.5919	0.5939	0.5929	0.5960	0.6058	0.5915	0.9762	0.9802	0.6043	0.6872	0.9803	0.9824	0.9756	0.6946	0.6086	0.6886	0.9793	0.5976	0.9838	0.9796	0.5964	0.5932	0.9820	0.5676	0.9847	0.6076	0.6086	0.6942	0.6886	0.9849	0.6039	0.9799	0.9816	0.9757	0.6853	0.9843	0.6035	0.6959	0.9839	0.6833	0.9838	0.9757	0.6892	0.6068	0.5673	0.9777	0.5938	0.9770	0.6893	0.6058	0.9814	0.9770	0.5984	0.6973	0.9852	0.6059	0.9846	0.5989	0.5957	0.9833
0.9026	0.6400	0.6684	0.6401	0.5918	0.5944	0.7024	0.5937	0.6344	0.6343	0.6349	0.4777	0.9394	0.7182	0.5906	0.6324	0.5909	0.5930	0.5957	0.5961	0.6340	0.5953	0.9770	0.6363	0.5908	0.9593	0.9819	0.7067	0.6386	0.9796	0.7038	0.9742	0.5937	0.9721	0.5921	0.6339	0.6359	0.6371	0.6381	0.5919	1.0000	0.9813	0.9791	0.9681	0.6996	0.9825	0.5918	0.5897	0.7019	0.6366	0.5921	0.5909	0.5910	0.6353	0.6976	0.6357	0.5906	0.9671	0.5905	0.5902	0.9732	0.9832	0.5912	0.8545	0.5939	0.6815	0.6960	0.6381	0.6382	0.5929	0.6338	0.5937	0.5942	0.5897	0.6398	0.5940	0.6326	0.6387	0.5901	0.6363	0.5930	0.5930	0.6399	0.6883	0.8564	0.5928	0.9761	0.5938	0.6389	0.7026	0.5904	0.5970	0.6367	0.6378	0.5905	0.7035	0.5937	0.6362	0.9785	0.5938
0.9154	0.6415	0.6666	0.6420	0.5937	0.5962	0.7009	0.5958	0.6367	0.6323	0.6373	0.4780	0.9518	0.7168	0.5927	0.6304	0.5929	0.5949	0.5974	0.5981	0.6365	0.5972	0.9817	0.6384	0.5929	0.9687	0.9798	0.7054	0.6403	0.9815	0.7021	0.9800	0.5954	0.9795	0.5940	0.6319	0.6385	0.6393	0.6401	0.5939	0.9813	1.0000	0.9749	0.9745	0.6981	0.9794	0.5936	0.5919	0.7005	0.6384	0.5940	0.5929	0.5928	0.6377	0.6961	0.6378	0.5928	0.9766	0.5924	0.5926	0.9785	0.9826	0.5932	0.8511	0.5958	0.6798	0.6943	0.6401	0.6401	0.5948	0.6318	0.5957	0.5961	0.5912	0.6417	0.5959	0.6306	0.6406	0.5922	0.6389	0.5951	0.5944	0.6417	0.6867	0.8530	0.5945	0.9805	0.5954	0.6407	0.7010	0.5923	0.5987	0.6347	0.6396	0.5924	0.7019	0.5957	0.6342	0.9775	0.5960
0.9037	0.6431	0.6636	0.6432	0.5930	0.5954	0.6965	0.5948	0.6374	0.6304	0.6379	0.4784	0.9407	0.7116	0.5916	0.6287	0.5919	0.5938	0.5967	0.5973	0.6370	0.5964	0.9765	0.6393	0.5918	0.9617	0.9783	0.7006	0.6419	0.9730	0.6978	0.9759	0.5948	0.9711	0.5932	0.6300	0.6389	0.6406	0.6413	0.5929	0.9791	0.9749	1.0000	0.9710	0.6937	0.9735	0.5930	0.5906	0.6957	0.6400	0.5932	0.5920	0.5923	0.6385	0.6919	0.6390	0.5917	0.9662	0.5915	0.5911	0.9769	0.9800	0.5922	0.8438	0.5949	0.6763	0.6901	0.6411	0.6413	0.5939	0.6300	0.5948	0.5952	0.5909	0.6430	0.5950	0.6292	0.6419	0.5912	0.6395	0.5941	0.5941	0.6431	0.6827	0.8453	0.5941	0.9783	0.5949	0.6421	0.6967	0.5914	0.5982	0.6327	0.6407	0.5915	0.6976	0.5947	0.6323	0.9797	0.5948
0.9244	0.6444	0.6579	0.6455	0.5959	0.5985	0.6908	0.5982	0.6400	0.6249	0.6410	0.4783	0.9611	0.7058	0.5948	0.6230	0.5951	0.5970	0.5996	0.6004	0.6401	0.5995	0.9763	0.6419	0.5951	0.9771	0.9725	0.6949	0.6437	0.9692	0.6920	0.9820	0.5976	0.9797	0.5962	0.6242	0.6419	0.6430	0.6436	0.5960	0.9681	0.9745	0.9710	1.0000	0.6880	0.9639	0.5959	0.5941	0.6902	0.6419	0.5962	0.5951	0.5950	0.6414	0.6861	0.6412	0.5950	0.9774	0.5946	0.5947	0.9821	0.9758	0.5955	0.8343	0.5980	0.6704	0.6843	0.6431	0.6433	0.5971	0.6242	0.5980	0.5984	0.5935	0.6450	0.5981	0.6236	0.6440	0.5944	0.6425	0.5972	0.5965	0.6450	0.6769	0.8357	0.5967	0.9775	0.5976	0.6440	0.6909	0.5946	0.6009	0.6268	0.6428	0.5947	0.6917	0.5978	0.6263	0.9736	0.5981
0.6616	0.6831	0.9063	0.6784	0.6087	0.6099	0.9826	0.6089	0.6762	0.8266	0.6733	0.4476	0.6770	0.9622	0.6064	0.8239	0.6048	0.6064	0.6111	0.6110	0.6733	0.6106	0.6966	0.6746	0.6050	0.6829	0.6963	0.9732	0.6760	0.7030	0.9784	0.6908	0.6089	0.6905	0.6079	0.8293	0.6746	0.6740	0.6771	0.6058	0.6996	0.6981	0.6937	0.6880	1.0000	0.7051	0.6076	0.6053	0.9788	0.6738	0.6079	0.6056	0.6069	0.6724	0.9777	0.6750	0.6068	0.6916	0.6046	0.6049	0.6882	0.6968	0.6066	0.7871	0.6075	0.9471	0.9777	0.6791	0.6799	0.6078	0.8286	0.6091	0.6100	0.6049	0.6809	0.6079	0.8159	0.6773	0.6053	0.6751	0.6076	0.6063	0.6785	0.9694	0.7823	0.6088	0.6909	0.6093	0.6778	0.9803	0.6047	0.6116	0.8362	0.6795	0.6053	0.9798	0.6085	0.8365	0.6957	0.6086
0.9026	0.6405	0.6734	0.6405	0.5916	0.5940	0.7080	0.5935	0.6351	0.6388	0.6355	0.4771	0.9378	0.7241	0.5904	0.6369	0.5906	0.5926	0.5953	0.5958	0.6347	0.5950	0.9759	0.6368	0.5906	0.9557	0.9795	0.7124	0.6389	0.9820	0.7093	0.9701	0.5932	0.9686	0.5918	0.6383	0.6366	0.6377	0.6385	0.5915	0.9825	0.9794	0.9735	0.9639	0.7051	1.0000	0.5915	0.5895	0.7073	0.6370	0.5917	0.5906	0.5907	0.6358	0.7032	0.6363	0.5904	0.9667	0.5902	0.5900	0.9686	0.9792	0.5909	0.8616	0.5935	0.6866	0.7015	0.6386	0.6388	0.5925	0.6384	0.5934	0.5938	0.5893	0.6404	0.5936	0.6369	0.6391	0.5898	0.6371	0.5927	0.5924	0.6402	0.6935	0.8634	0.5925	0.9724	0.5934	0.6394	0.7081	0.5900	0.5966	0.6413	0.6384	0.5901	0.7091	0.5934	0.6408	0.9759	0.5936
0.5993	0.7075	0.6092	0.7037	0.9813	0.9806	0.6086	0.9826	0.6945	0.6084	0.7020	0.5940	0.6004	0.6023	0.9791	0.6102	0.9768	0.9732	0.9813	0.9789	0.7068	0.9821	0.5956	0.7099	0.9768	0.5958	0.5898	0.6052	0.7013	0.5921	0.6066	0.5944	0.9816	0.5973	0.9824	0.6056	0.6966	0.7000	0.7002	0.9762	0.5918	0.5936	0.5930	0.5959	0.6076	0.5915	1.0000	0.9728	0.6057	0.6970	0.9815	0.9810	0.9810	0.7041	0.6105	0.6983	0.9804	0.5971	0.9766	0.9714	0.5963	0.5931	0.9793	0.5670	0.9774	0.6111	0.6108	0.7037	0.6981	0.9796	0.6109	0.9829	0.9819	0.9790	0.6949	0.9763	0.6109	0.7055	0.9785	0.6926	0.9797	0.9743	0.6987	0.6094	0.5668	0.9833	0.5936	0.9800	0.6989	0.6075	0.9782	0.9773	0.6051	0.7070	0.9815	0.6076	0.9785	0.6057	0.5958	0.9755
0.5996	0.6968	0.6042	0.6934	0.9759	0.9757	0.6063	0.9773	0.6846	0.6013	0.6923	0.5923	0.5997	0.6004	0.9808	0.6029	0.9803	0.9798	0.9755	0.9786	0.6971	0.9764	0.5936	0.6997	0.9825	0.5943	0.5878	0.6033	0.6909	0.5902	0.6041	0.5926	0.9753	0.5957	0.9779	0.5985	0.6870	0.6899	0.6901	0.9802	0.5897	0.5919	0.5906	0.5941	0.6053	0.5895	0.9728	1.0000	0.6037	0.6866	0.9769	0.9751	0.9714	0.6940	0.6082	0.6882	0.9753	0.5958	0.9834	0.9793	0.5943	0.5910	0.9814	0.5650	0.9773	0.6074	0.6081	0.6936	0.6879	0.9793	0.6036	0.9763	0.9803	0.9725	0.6847	0.9790	0.6031	0.6952	0.9831	0.6829	0.9800	0.9686	0.6885	0.6067	0.5648	0.9722	0.5918	0.9720	0.6886	0.6051	0.9804	0.9695	0.5982	0.6966	0.9807	0.6052	0.9791	0.5989	0.5935	0.9795
0.6639	0.6753	0.8932	0.6708	0.6069	0.6082	0.9797	0.6072	0.6686	0.8145	0.6658	0.4464	0.6793	0.9694	0.6047	0.8121	0.6033	0.6051	0.6095	0.6094	0.6657	0.6088	0.6986	0.6671	0.6034	0.6850	0.6985	0.9788	0.6685	0.7052	0.9791	0.6930	0.6072	0.6929	0.6062	0.8172	0.6671	0.6666	0.6695	0.6043	0.7019	0.7005	0.6957	0.6902	0.9788	0.7073	0.6057	0.6037	1.0000	0.6663	0.6062	0.6038	0.6050	0.6650	0.9728	0.6675	0.6049	0.6938	0.6031	0.6032	0.6904	0.6990	0.6051	0.7909	0.6061	0.9347	0.9670	0.6715	0.6722	0.6062	0.8162	0.6074	0.6082	0.6030	0.6732	0.6064	0.8042	0.6698	0.6035	0.6675	0.6061	0.6048	0.6709	0.9609	0.7860	0.6070	0.6933	0.6076	0.6700	0.9807	0.6032	0.6099	0.8240	0.6719	0.6036	0.9781	0.6069	0.8242	0.6978	0.6069
0.6413	0.9777	0.7213	0.9778	0.6959	0.6965	0.6736	0.6964	0.9764	0.7536	0.9751	0.4801	0.6433	0.6592	0.6909	0.7536	0.6854	0.6857	0.6968	0.6921	0.9695	0.6955	0.6418	0.9772	0.6855	0.6423	0.6360	0.6640	0.9845	0.6380	0.6678	0.6404	0.6946	0.6399	0.6942	0.7498	0.9698	0.9830	0.9845	0.6872	0.6366	0.6384	0.6400	0.6419	0.6738	0.6370	0.6970	0.6866	0.6663	1.0000	0.6922	0.6934	0.6986	0.9742	0.6734	0.9852	0.6957	0.6403	0.6859	0.6872	0.6409	0.6390	0.6891	0.6105	0.6888	0.7003	0.6814	0.9791	0.9827	0.6920	0.7500	0.6972	0.6952	0.6879	0.9820	0.6883	0.7629	0.9825	0.6901	0.9734	0.6902	0.6866	0.9831	0.6817	0.6078	0.6939	0.6394	0.6942	0.9835	0.6697	0.6866	0.6968	0.7453	0.9786	0.6909	0.6709	0.6904	0.7452	0.6406	0.6936
0.5996	0.7027	0.6079	0.6991	0.9826	0.9816	0.6089	0.9810	0.6898	0.6057	0.6974	0.5927	0.6009	0.6027	0.9788	0.6075	0.9806	0.9757	0.9820	0.9810	0.7022	0.9794	0.5959	0.7051	0.9801	0.5961	0.5901	0.6056	0.6965	0.5924	0.6069	0.5948	0.9854	0.5976	0.9834	0.6030	0.6921	0.6953	0.6956	0.9803	0.5921	0.5940	0.5932	0.5962	0.6079	0.5917	0.9815	0.9769	0.6062	0.6922	1.0000	0.9809	0.9796	0.6993	0.6107	0.6936	0.9780	0.5975	0.9805	0.9728	0.5965	0.5934	0.9827	0.5671	0.9797	0.6106	0.6109	0.6991	0.6935	0.9796	0.6081	0.9815	0.9838	0.9797	0.6902	0.9812	0.6079	0.7008	0.9794	0.6880	0.9831	0.9758	0.6941	0.6094	0.5669	0.9816	0.5939	0.9822	0.6942	0.6077	0.9823	0.9788	0.6026	0.7021	0.9813	0.6078	0.9798	0.6031	0.5960	0.9762
0.5993	0.7037	0.6061	0.7006	0.9795	0.9793	0.6067	0.9832	0.6911	0.6049	0.6989	0.5940	0.6002	0.6008	0.9814	0.6065	0.9806	0.9785	0.9779	0.9767	0.7037	0.9834	0.5948	0.7066	0.9820	0.5952	0.5889	0.6036	0.6978	0.5913	0.6047	0.5937	0.9804	0.5966	0.9822	0.6018	0.6938	0.6966	0.6969	0.9824	0.5909	0.5929	0.5920	0.5951	0.6056	0.5906	0.9810	0.9751	0.6038	0.6934	0.9809	1.0000	0.9776	0.7010	0.6083	0.6948	0.9815	0.5965	0.9802	0.9795	0.5955	0.5922	0.9781	0.5665	0.9824	0.6084	0.6087	0.7005	0.6948	0.9838	0.6071	0.9838	0.9802	0.9754	0.6915	0.9790	0.6072	0.7021	0.9809	0.6895	0.9825	0.9741	0.6955	0.6069	0.5662	0.9774	0.5928	0.9773	0.6956	0.6054	0.9786	0.9766	0.6016	0.7037	0.9844	0.6056	0.9807	0.6020	0.5948	0.9807
0.5982	0.7091	0.6092	0.7052	0.9841	0.9821	0.6080	0.9783	0.6960	0.6094	0.7035	0.5933	0.5995	0.6014	0.9777	0.6113	0.9724	0.9704	0.9808	0.9745	0.7084	0.9781	0.5948	0.7113	0.9719	0.5948	0.5889	0.6045	0.7029	0.5913	0.6058	0.5936	0.9809	0.5965	0.9828	0.6066	0.6982	0.7015	0.7017	0.9756	0.5910	0.5928	0.5923	0.5950	0.6069	0.5907	0.9810	0.9714	0.6050	0.6986	0.9796	0.9776	1.0000	0.7056	0.6097	0.6999	0.9787	0.5962	0.9737	0.9675	0.5954	0.5924	0.9778	0.5663	0.9756	0.6109	0.6102	0.7054	0.6997	0.9760	0.6118	0.9802	0.9798	0.9764	0.6963	0.9721	0.6120	0.7070	0.9776	0.6939	0.9771	0.9721	0.7003	0.6088	0.5659	0.9806	0.5928	0.9807	0.7004	0.6066	0.9754	0.9770	0.6061	0.7086	0.9784	0.6068	0.9754	0.6065	0.5949	0.9747
0.6440	0.9667	0.7181	0.9786	0.7030	0.7034	0.6723	0.7039	0.9767	0.7488	0.9835	0.4836	0.6443	0.6583	0.6984	0.7485	0.6928	0.6929	0.7035	0.6991	0.9823	0.7029	0.6411	0.9819	0.6929	0.6422	0.6348	0.6630	0.9738	0.6371	0.6666	0.6398	0.7014	0.6394	0.7015	0.7449	0.9803	0.9789	0.9793	0.6946	0.6353	0.6377	0.6385	0.6414	0.6724	0.6358	0.7041	0.6940	0.6650	0.9742	0.6993	0.7010	0.7056	1.0000	0.6718	0.9794	0.7037	0.6400	0.6931	0.6954	0.6401	0.6380	0.6963	0.6096	0.6959	0.6978	0.6799	0.9773	0.9787	0.6995	0.7454	0.7047	0.7024	0.6945	0.9742	0.6954	0.7575	0.9782	0.6974	0.9811	0.6976	0.6929	0.9749	0.6797	0.6069	0.7007	0.6384	0.7009	0.9757	0.6684	0.6937	0.7037	0.7407	0.9768	0.6982	0.6695	0.6978	0.7404	0.6397	0.7012
0.6599	0.6829	0.9053	0.6779	0.6116	0.6127	0.9801	0.6116	0.6758	0.8259	0.6728	0.4483	0.6752	0.9589	0.6092	0.8232	0.6076	0.6091	0.6140	0.6140	0.6728	0.6134	0.6950	0.6742	0.6078	0.6810	0.6943	0.9677	0.6757	0.7012	0.9759	0.6888	0.6118	0.6886	0.6107	0.8285	0.6740	0.6736	0.6766	0.6086	0.6976	0.6961	0.6919	0.6861	0.9777	0.7032	0.6105	0.6082	0.9728	0.6734	0.6107	0.6083	0.6097	0.6718	1.0000	0.6745	0.6095	0.6899	0.6076	0.6076	0.6865	0.6948	0.6094	0.7835	0.6103	0.9460	0.9773	0.6787	0.6792	0.6106	0.8279	0.6117	0.6128	0.6080	0.6804	0.6109	0.8151	0.6770	0.6081	0.6744	0.6105	0.6091	0.6780	0.9738	0.7792	0.6119	0.6892	0.6122	0.6771	0.9769	0.6076	0.6143	0.8354	0.6791	0.6080	0.9786	0.6114	0.8363	0.6938	0.6113
0.6420	0.9755	0.7225	0.9807	0.6973	0.6978	0.6748	0.6979	0.9830	0.7548	0.9811	0.4805	0.6432	0.6603	0.6924	0.7548	0.6868	0.6870	0.6979	0.6934	0.9765	0.6969	0.6412	0.9806	0.6870	0.6418	0.6352	0.6651	0.9824	0.6374	0.6690	0.6398	0.6958	0.6393	0.6957	0.7511	0.9755	0.9854	0.9856	0.6886	0.6357	0.6378	0.6390	0.6412	0.6750	0.6363	0.6983	0.6882	0.6675	0.9852	0.6936	0.6948	0.6999	0.9794	0.6745	1.0000	0.6974	0.6398	0.6873	0.6890	0.6401	0.6382	0.6905	0.6107	0.6901	0.7016	0.6826	0.9812	0.9852	0.6935	0.7512	0.6987	0.6966	0.6891	0.9824	0.6896	0.7640	0.9836	0.6916	0.9796	0.6916	0.6875	0.9817	0.6829	0.6080	0.6951	0.6386	0.6953	0.9845	0.6708	0.6881	0.6979	0.7464	0.9792	0.6923	0.6720	0.6919	0.7465	0.6398	0.6952
0.6002	0.7059	0.6079	0.7030	0.9807	0.9771	0.6078	0.9815	0.6937	0.6068	0.7016	0.5919	0.6005	0.6017	0.9822	0.6084	0.9771	0.9723	0.9763	0.9748	0.7066	0.9822	0.5947	0.7091	0.9780	0.5952	0.5886	0.6046	0.7000	0.5911	0.6057	0.5935	0.9767	0.5965	0.9827	0.6039	0.6964	0.6990	0.6992	0.9793	0.5906	0.5928	0.5917	0.5950	0.6068	0.5904	0.9804	0.9753	0.6049	0.6957	0.9780	0.9815	0.9787	0.7037	0.6095	0.6974	1.0000	0.5965	0.9769	0.9789	0.5953	0.5920	0.9775	0.5664	0.9758	0.6099	0.6099	0.7029	0.6972	0.9802	0.6092	0.9808	0.9801	0.9715	0.6938	0.9747	0.6091	0.7045	0.9803	0.6922	0.9787	0.9669	0.6977	0.6083	0.5662	0.9765	0.5926	0.9730	0.6979	0.6066	0.9751	0.9734	0.6036	0.7060	0.9815	0.6067	0.9791	0.6040	0.5946	0.9796
