1.0000	0.5689	0.5862	0.5871	0.5887	0.5864	0.5857	0.5869	0.5872	0.5854	0.5863	0.5683	0.5870	0.5862	0.9797	0.5873	0.5876	0.4766	0.9751	0.5871	0.5858	0.6945	0.5859	0.5855	0.4756	0.4740	0.5872	0.5855	0.5878	0.5866	0.5849	0.5853	0.5856	0.6892	0.9726	0.4764	0.5885	0.6904	0.6850	0.5869	0.5866	0.5870	0.4749	0.5857	0.4750	0.5868	0.5851	0.5861	0.4749	0.5874	0.5851	0.5874	0.5892	0.6880	0.9713	0.5869	0.5867	0.5875	0.5854	0.9688	0.5878	0.5868	0.5860	0.9810	0.5855	0.9803	0.9780	0.5877	0.5866	0.5857	0.5880	0.5866	0.9818	0.4760	0.5864	0.5881	0.5882	0.5861	0.5886	0.5855	0.5856	0.5852	0.9792	0.5870	0.5861	0.5863	0.5816	0.5862	0.5855	0.9795	0.5866	0.5866	0.9789	0.5885	0.5858	0.5857	0.5865	0.5865	0.5867	0.5859
0.5689	1.0000	0.5740	0.5765	0.5785	0.5724	0.5738	0.5743	0.5769	0.5760	0.5736	0.5886	0.5802	0.5751	0.5677	0.5752	0.5707	0.3837	0.5719	0.5745	0.5746	0.7099	0.5776	0.5771	0.3831	0.3809	0.5760	0.5744	0.5792	0.5753	0.5761	0.5774	0.5785	0.7041	0.5662	0.3851	0.5746	0.7068	0.7093	0.5790	0.5760	0.5761	0.3807	0.5793	0.3825	0.5728	0.5780	0.5771	0.3827	0.5810	0.5789	0.5765	0.5793	0.7008	0.5715	0.5803	0.5745	0.5755	0.5761	0.5649	0.5756	0.5759	0.5735	0.5682	0.5767	0.5691	0.5698	0.5743	0.5711	0.5734	0.5782	0.5756	0.5731	0.3837	0.5796	0.5746	0.5774	0.5769	0.5759	0.5764	0.5776	0.5763	0.5679	0.5776	0.5795	0.5787	0.8788	0.5753	0.5763	0.5674	0.5769	0.5752	0.5704	0.5748	0.5704	0.5743	0.5772	0.5777	0.5738	0.5763
0.5862	0.5740	1.0000	0.9807	0.9822	0.9842	0.9829	0.9858	0.9838	0.9818	0.9840	0.8800	0.9725	0.9838	0.5878	0.9815	0.9828	0.5789	0.5872	0.9817	0.9795	0.6354	0.9840	0.9741	0.5760	0.5739	0.9831	0.9817	0.9763	0.9818	0.9790	0.9776	0.9803	0.6418	0.5811	0.5790	0.9831	0.6388	0.6527	0.9777	0.9819	0.9821	0.5756	0.9736	0.5752	0.9823	0.9799	0.9819	0.5763	0.9689	0.9781	0.9796	0.9815	0.6417	0.5817	0.9766	0.9825	0.9798	0.9842	0.5770	0.9826	0.9821	0.9822	0.5816	0.9801	0.5820	0.5825	0.9837	0.9805	0.9808	0.9782	0.9852	0.5885	0.5768	0.9751	0.9842	0.9800	0.9793	0.9819	0.9818	0.9765	0.9789	0.5876	0.9787	0.9777	0.9778	0.5905	0.9792	0.9779	0.5847	0.9806	0.9823	0.5855	0.9833	0.9807	0.9842	0.9837	0.9801	0.9776	0.9812
0.5871	0.5765	0.9807	1.0000	0.9871	0.9804	0.9838	0.9837	0.9827	0.9839	0.9811	0.8865	0.9781	0.9831	0.5885	0.9816	0.9787	0.5755	0.5884	0.9790	0.9815	0.6386	0.9825	0.9811	0.5727	0.5706	0.9801	0.9803	0.9796	0.9849	0.9829	0.9842	0.9825	0.6446	0.5822	0.5756	0.9834	0.6417	0.6557	0.9804	0.9842	0.9820	0.5721	0.9783	0.5718	0.9795	0.9856	0.9815	0.5729	0.9741	0.9800	0.9835	0.9812	0.6447	0.5828	0.9803	0.9837	0.9820	0.9852	0.5780	0.9825	0.9859	0.9777	0.5827	0.9818	0.5830	0.5834	0.9832	0.9777	0.9828	0.9828	0.9845	0.5893	0.5734	0.9816	0.9808	0.9834	0.9842	0.9845	0.9851	0.9832	0.9825	0.5887	0.9824	0.9789	0.9821	0.5923	0.9803	0.9823	0.5855	0.9858	0.9822	0.5865	0.9851	0.9767	0.9839	0.9828	0.9837	0.9809	0.9861
0.5887	0.5785	0.9822	0.9871	1.0000	0.9785	0.9823	0.9833	0.9836	0.9845	0.9810	0.8887	0.9786	0.9827	0.5900	0.9807	0.9769	0.5762	0.5900	0.9779	0.9813	0.6400	0.9844	0.9806	0.5734	0.5712	0.9807	0.9799	0.9828	0.9815	0.9828	0.9841	0.9841	0.6458	0.5838	0.5763	0.9839	0.6430	0.6571	0.9817	0.9841	0.9832	0.5729	0.9795	0.5725	0.9788	0.9860	0.9829	0.5736	0.9758	0.9817	0.9840	0.9832	0.6457	0.5845	0.9827	0.9836	0.9812	0.9828	0.5796	0.9842	0.9845	0.9765	0.5842	0.9815	0.5846	0.5849	0.9830	0.9755	0.9806	0.9844	0.9822	0.5909	0.5742	0.9827	0.9806	0.9844	0.9850	0.9860	0.9841	0.9833	0.9825	0.5902	0.9829	0.9832	0.9830	0.5933	0.9800	0.9828	0.5871	0.9848	0.9813	0.5881	0.9835	0.9751	0.9819	0.9836	0.9848	0.9807	0.9860
0.5864	0.5724	0.9842	0.9804	0.9785	1.0000	0.9819	0.9844	0.9818	0.9800	0.9824	0.8762	0.9699	0.9846	0.5881	0.9817	0.9849	0.5789	0.5875	0.9803	0.9793	0.6353	0.9798	0.9731	0.5761	0.5740	0.9791	0.9821	0.9726	0.9827	0.9776	0.9763	0.9771	0.6418	0.5813	0.5789	0.9816	0.6389	0.6528	0.9737	0.9814	0.9807	0.5756	0.9710	0.5752	0.9845	0.9772	0.9795	0.5764	0.9656	0.9743	0.9803	0.9784	0.6419	0.5818	0.9739	0.9831	0.9800	0.9817	0.5772	0.9799	0.9804	0.9827	0.5819	0.9784	0.5823	0.5827	0.9816	0.9828	0.9803	0.9755	0.9842	0.5886	0.5768	0.9728	0.9827	0.9776	0.9783	0.9812	0.9805	0.9746	0.9768	0.5880	0.9769	0.9735	0.9740	0.5902	0.9767	0.9765	0.5850	0.9789	0.9815	0.5857	0.9815	0.9831	0.9837	0.9815	0.9779	0.9752	0.9793
0.5857	0.5738	0.9829	0.9838	0.9823	0.9819	1.0000	0.9857	0.9813	0.9829	0.9819	0.8836	0.9750	0.9845	0.5872	0.9819	0.9815	0.5766	0.5869	0.9807	0.9832	0.6359	0.9802	0.9796	0.5736	0.5716	0.9832	0.9823	0.9775	0.9839	0.9805	0.9824	0.9810	0.6420	0.5808	0.5765	0.9840	0.6390	0.6531	0.9756	0.9831	0.9806	0.5732	0.9774	0.5728	0.9802	0.9825	0.9811	0.5739	0.9711	0.9769	0.9827	0.9802	0.6420	0.5814	0.9798	0.9823	0.9843	0.9850	0.5766	0.9841	0.9860	0.9774	0.5813	0.9821	0.5816	0.5820	0.9846	0.9824	0.9839	0.9814	0.9829	0.5879	0.5744	0.9788	0.9804	0.9821	0.9824	0.9837	0.9859	0.9795	0.9818	0.5874	0.9795	0.9778	0.9788	0.5889	0.9821	0.9815	0.5842	0.9841	0.9837	0.5850	0.9859	0.9775	0.9867	0.9813	0.9840	0.9830	0.9832
0.5869	0.5743	0.9858	0.9837	0.9833	0.9844	0.9857	1.0000	0.9840	0.9834	0.9832	0.8837	0.9751	0.9864	0.5884	0.9832	0.9836	0.5779	0.5882	0.9834	0.9808	0.6360	0.9830	0.9772	0.5750	0.5729	0.9842	0.9836	0.9791	0.9843	0.9823	0.9815	0.9822	0.6420	0.5820	0.5780	0.9826	0.6392	0.6531	0.9802	0.9840	0.9817	0.5745	0.9776	0.5742	0.9815	0.9816	0.9830	0.5753	0.9715	0.9795	0.9844	0.9826	0.6421	0.5826	0.9791	0.9827	0.9818	0.9850	0.5778	0.9846	0.9854	0.9809	0.5825	0.9829	0.5828	0.5832	0.9848	0.9833	0.9846	0.9814	0.9854	0.5891	0.5758	0.9782	0.9842	0.9833	0.9835	0.9846	0.9855	0.9801	0.9821	0.5886	0.9794	0.9788	0.9796	0.5902	0.9815	0.9819	0.5853	0.9838	0.9841	0.5863	0.9858	0.9791	0.9879	0.9813	0.9842	0.9816	0.9813
0.5872	0.5769	0.9838	0.9827	0.9836	0.9818	0.9813	0.9840	1.0000	0.9840	0.9812	0.8848	0.9770	0.9845	0.5887	0.9847	0.9805	0.5769	0.5885	0.9826	0.9801	0.6383	0.9852	0.9775	0.5742	0.5720	0.9831	0.9819	0.9807	0.9809	0.9792	0.9801	0.9814	0.6443	0.5823	0.5770	0.9810	0.6416	0.6554	0.9804	0.9833	0.9802	0.5736	0.9774	0.5731	0.9820	0.9832	0.9851	0.5744	0.9710	0.9796	0.9821	0.9863	0.6442	0.5829	0.9822	0.9799	0.9807	0.9841	0.5782	0.9819	0.9811	0.9800	0.5828	0.9808	0.5832	0.5836	0.9818	0.9769	0.9793	0.9799	0.9854	0.5896	0.5749	0.9786	0.9855	0.9830	0.9821	0.9841	0.9832	0.9783	0.9790	0.5888	0.9832	0.9816	0.9818	0.5927	0.9800	0.9788	0.5859	0.9808	0.9835	0.5866	0.9824	0.9778	0.9831	0.9841	0.9841	0.9775	0.9842
0.5854	0.5760	0.9818	0.9839	0.9845	0.9800	0.9829	0.9834	0.9840	1.0000	0.9812	0.8880	0.9797	0.9853	0.5870	0.9818	0.9773	0.5752	0.5869	0.9807	0.9814	0.6357	0.9829	0.9802	0.5724	0.5703	0.9831	0.9806	0.9811	0.9808	0.9824	0.9825	0.9847	0.6415	0.5806	0.5753	0.9813	0.6387	0.6528	0.9819	0.9829	0.9787	0.5719	0.9795	0.5715	0.9788	0.9834	0.9851	0.5727	0.9746	0.9821	0.9830	0.9817	0.6415	0.5814	0.9830	0.9795	0.9807	0.9849	0.5765	0.9816	0.9828	0.9768	0.5811	0.9846	0.5814	0.5819	0.9857	0.9785	0.9818	0.9819	0.9819	0.5878	0.5732	0.9803	0.9825	0.9864	0.9835	0.9841	0.9856	0.9813	0.9811	0.5872	0.9817	0.9801	0.9831	0.5907	0.9849	0.9832	0.5840	0.9844	0.9837	0.5848	0.9825	0.9771	0.9840	0.9844	0.9842	0.9801	0.9834
0.5863	0.5736	0.9840	0.9811	0.9810	0.9824	0.9819	0.9832	0.9812	0.9812	1.0000	0.8767	0.9702	0.9828	0.5880	0.9819	0.9825	0.5797	0.5873	0.9806	0.9805	0.6357	0.9819	0.9718	0.5767	0.5746	0.9801	0.9806	0.9729	0.9812	0.9762	0.9764	0.9772	0.6421	0.5811	0.5797	0.9823	0.6392	0.6531	0.9745	0.9822	0.9814	0.5762	0.9708	0.5759	0.9820	0.9781	0.9829	0.5771	0.9652	0.9744	0.9799	0.9787	0.6419	0.5817	0.9758	0.9835	0.9792	0.9821	0.5769	0.9824	0.9802	0.9821	0.5817	0.9769	0.5821	0.5825	0.9833	0.9832	0.9813	0.9759	0.9827	0.5886	0.5775	0.9727	0.9834	0.9789	0.9771	0.9812	0.9797	0.9738	0.9765	0.5878	0.9761	0.9747	0.9740	0.5906	0.9778	0.9753	0.5848	0.9789	0.9823	0.5855	0.9821	0.9828	0.9844	0.9824	0.9795	0.9761	0.9789
0.5683	0.5886	0.8800	0.8865	0.8887	0.8762	0.8836	0.8837	0.8848	0.8880	0.8767	1.0000	0.9006	0.8836	0.5682	0.8810	0.8737	0.5373	0.5730	0.8798	0.8842	0.6325	0.8841	0.8952	0.5357	0.5328	0.8864	0.8805	0.8974	0.8834	0.8918	0.8942	0.8932	0.6336	0.5667	0.5384	0.8818	0.6323	0.6467	0.8960	0.8850	0.8821	0.5345	0.9001	0.5340	0.8745	0.8903	0.8846	0.5349	0.9073	0.8950	0.8866	0.8884	0.6341	0.5686	0.8931	0.8794	0.8829	0.8852	0.5624	0.8848	0.8881	0.8720	0.5657	0.8913	0.5659	0.5655	0.8832	0.8738	0.8847	0.8952	0.8815	0.5707	0.5358	0.8978	0.8805	0.8918	0.8923	0.8876	0.8880	0.8972	0.8935	0.5715	0.8917	0.8944	0.8972	0.5822	0.8893	0.8943	0.5665	0.8900	0.8824	0.5696	0.8859	0.8714	0.8818	0.8829	0.8911	0.8904	0.8873
0.5870	0.5802	0.9725	0.9781	0.9786	0.9699	0.9750	0.9751	0.9770	0.9797	0.9702	0.9006	1.0000	0.9764	0.5884	0.9730	0.9672	0.5731	0.5890	0.9731	0.9738	0.6402	0.9752	0.9804	0.5704	0.5682	0.9775	0.9717	0.9835	0.9746	0.9792	0.9822	0.9808	0.6454	0.5827	0.5732	0.9734	0.6429	0.6571	0.9826	0.9756	0.9718	0.5698	0.9834	0.5695	0.9668	0.9786	0.9762	0.5705	0.9821	0.9798	0.9765	0.9786	0.6455	0.5835	0.9822	0.9698	0.9744	0.9787	0.5784	0.9773	0.9785	0.9649	0.5830	0.9800	0.5833	0.5835	0.9760	0.9668	0.9751	0.9829	0.9741	0.5894	0.5711	0.9841	0.9727	0.9810	0.9814	0.9788	0.9787	0.9822	0.9797	0.5890	0.9782	0.9802	0.9828	0.5924	0.9791	0.9809	0.5855	0.9790	0.9752	0.5867	0.9767	0.9653	0.9737	0.9739	0.9811	0.9776	0.9775
0.5862	0.5751	0.9838	0.9831	0.9827	0.9846	0.9845	0.9864	0.9845	0.9853	0.9828	0.8836	0.9764	1.0000	0.5878	0.9828	0.9829	0.5766	0.5876	0.9815	0.9813	0.6371	0.9832	0.9776	0.5737	0.5716	0.9833	0.9853	0.9780	0.9839	0.9821	0.9816	0.9823	0.6431	0.5812	0.5766	0.9820	0.6404	0.6544	0.9788	0.9848	0.9817	0.5732	0.9773	0.5729	0.9811	0.9814	0.9840	0.5740	0.9710	0.9794	0.9828	0.9825	0.6431	0.5819	0.9818	0.9821	0.9828	0.9867	0.5771	0.9839	0.9835	0.9797	0.5818	0.9840	0.5821	0.5825	0.9835	0.9815	0.9833	0.9811	0.9843	0.5884	0.5745	0.9799	0.9841	0.9834	0.9822	0.9837	0.9852	0.9793	0.9811	0.5879	0.9816	0.9780	0.9792	0.5912	0.9827	0.9827	0.5847	0.9827	0.9842	0.5855	0.9841	0.9788	0.9872	0.9832	0.9838	0.9794	0.9826
0.9797	0.5677	0.5878	0.5885	0.5900	0.5881	0.5872	0.5884	0.5887	0.5870	0.5880	0.5682	0.5884	0.5878	1.0000	0.5890	0.5892	0.4789	0.9715	0.5888	0.5873	0.6927	0.5874	0.5868	0.4779	0.4763	0.5888	0.5870	0.5892	0.5882	0.5863	0.5866	0.5870	0.6879	0.9698	0.4786	0.5902	0.6889	0.6838	0.5883	0.5882	0.5883	0.4772	0.5871	0.4774	0.5883	0.5865	0.5877	0.4773	0.5886	0.5864	0.5889	0.5907	0.6864	0.9650	0.5884	0.5882	0.5890	0.5871	0.9660	0.5894	0.5882	0.5878	0.9752	0.5869	0.9735	0.9733	0.5893	0.5882	0.5873	0.5894	0.5881	0.9803	0.4783	0.5876	0.5898	0.5896	0.5875	0.5901	0.5869	0.5869	0.5864	0.9764	0.5883	0.5875	0.5876	0.5810	0.5878	0.5869	0.9791	0.5880	0.5882	0.9741	0.5901	0.5876	0.5873	0.5881	0.5880	0.5882	0.5873
0.5873	0.5752	0.9815	0.9816	0.9807	0.9817	0.9819	0.9832	0.9847	0.9818	0.9819	0.8810	0.9730	0.9828	0.5890	1.0000	0.9822	0.5771	0.5886	0.9813	0.9826	0.6363	0.9817	0.9752	0.5742	0.5720	0.9825	0.9791	0.9770	0.9819	0.9779	0.9775	0.9775	0.6424	0.5822	0.5770	0.9801	0.6396	0.6533	0.9761	0.9831	0.9772	0.5737	0.9743	0.5733	0.9808	0.9810	0.9848	0.5745	0.9672	0.9749	0.9818	0.9826	0.6422	0.5827	0.9796	0.9803	0.9822	0.9837	0.5781	0.9835	0.9806	0.9816	0.5829	0.9788	0.5831	0.5836	0.9831	0.9800	0.9815	0.9779	0.9836	0.5897	0.5751	0.9754	0.9849	0.9814	0.9802	0.9816	0.9822	0.9773	0.9772	0.5888	0.9789	0.9779	0.9774	0.5911	0.9809	0.9776	0.5859	0.9804	0.9858	0.5864	0.9818	0.9798	0.9840	0.9830	0.9826	0.9789	0.9814
0.5876	0.5707	0.9828	0.9787	0.9769	0.9849	0.9815	0.9836	0.9805	0.9773	0.9825	0.8737	0.9672	0.9829	0.5892	0.9822	1.0000	0.5792	0.5885	0.9799	0.9791	0.6342	0.9783	0.9709	0.5761	0.5741	0.9793	0.9817	0.9711	0.9813	0.9747	0.9741	0.9742	0.6406	0.5824	0.5791	0.9800	0.6377	0.6514	0.9708	0.9808	0.9785	0.5757	0.9680	0.5753	0.9838	0.9761	0.9780	0.5765	0.9624	0.9705	0.9789	0.9768	0.6406	0.5828	0.9729	0.9800	0.9803	0.9799	0.5782	0.9797	0.9788	0.9832	0.5830	0.9750	0.5833	0.5838	0.9802	0.9837	0.9803	0.9740	0.9825	0.5897	0.5770	0.9710	0.9817	0.9756	0.9761	0.9797	0.9798	0.9718	0.9753	0.5890	0.9741	0.9712	0.9713	0.5885	0.9763	0.9741	0.5860	0.9764	0.9817	0.5866	0.9811	0.9817	0.9843	0.9781	0.9764	0.9759	0.9771
0.4766	0.3837	0.5789	0.5755	0.5762	0.5789	0.5766	0.5779	0.5769	0.5752	0.5797	0.5373	0.5731	0.5766	0.4789	0.5771	0.5792	1.0000	0.4743	0.5805	0.5761	0.4403	0.5774	0.5720	0.9810	0.9758	0.5760	0.5778	0.5748	0.5760	0.5744	0.5737	0.5727	0.4469	0.4715	0.9814	0.5810	0.4444	0.4513	0.5749	0.5774	0.5787	0.9795	0.5736	0.9799	0.5789	0.5731	0.5753	0.9810	0.5736	0.5733	0.5752	0.5762	0.4463	0.4696	0.5751	0.5776	0.5774	0.5758	0.4684	0.5784	0.5765	0.5809	0.4709	0.5760	0.4726	0.4719	0.5793	0.5813	0.5765	0.5748	0.5786	0.4774	0.9799	0.5726	0.5781	0.5756	0.5739	0.5778	0.5753	0.5727	0.5741	0.4766	0.5750	0.5742	0.5726	0.4115	0.5748	0.5737	0.4759	0.5746	0.5769	0.4750	0.5785	0.5785	0.5778	0.5777	0.5745	0.5763	0.5762
0.9751	0.5719	0.5872	0.5884	0.5900	0.5875	0.5869	0.5882	0.5885	0.5869	0.5873	0.5730	0.5890	0.5876	0.9715	0.5886	0.5885	0.4743	1.0000	0.5882	0.5872	0.6955	0.5872	0.5872	0.4734	0.4717	0.5886	0.5866	0.5895	0.5879	0.5865	0.5869	0.5872	0.6897	0.9725	0.4741	0.5897	0.6911	0.6862	0.5885	0.5880	0.5880	0.4727	0.5876	0.4728	0.5877	0.5865	0.5874	0.4728	0.5894	0.5866	0.5888	0.5906	0.6883	0.9684	0.5886	0.5877	0.5888	0.5868	0.9646	0.5892	0.5881	0.5869	0.9750	0.5870	0.9710	0.9675	0.5890	0.5876	0.5871	0.5898	0.5876	0.9732	0.4738	0.5881	0.5894	0.5898	0.5877	0.5901	0.5868	0.5873	0.5867	0.9805	0.5883	0.5876	0.5879	0.5813	0.5878	0.5871	0.9737	0.5880	0.5879	0.9730	0.5899	0.5866	0.5868	0.5877	0.5881	0.5883	0.5872
0.5871	0.5745	0.9817	0.9790	0.9779	0.9803	0.9807	0.9834	0.9826	0.9807	0.9806	0.8798	0.9731	0.9815	0.5888	0.9813	0.9799	0.5805	0.5882	1.0000	0.9757	0.6353	0.9796	0.9716	0.5776	0.5755	0.9813	0.9775	0.9771	0.9782	0.9763	0.9756	0.9759	0.6415	0.5820	0.5804	0.9787	0.6386	0.6525	0.9766	0.9785	0.9764	0.5771	0.9716	0.5768	0.9802	0.9765	0.9806	0.5779	0.9671	0.9750	0.9778	0.9813	0.6415	0.5828	0.9758	0.9768	0.9789	0.9817	0.5779	0.9807	0.9794	0.9811	0.5827	0.9788	0.5831	0.5835	0.9818	0.9817	0.9791	0.9747	0.9835	0.5895	0.5784	0.9730	0.9828	0.9800	0.9775	0.9796	0.9817	0.9735	0.9748	0.5887	0.9768	0.9753	0.9766	0.5908	0.9785	0.9753	0.5857	0.9771	0.9821	0.5864	0.9799	0.9805	0.9837	0.9805	0.9786	0.9743	0.9781
0.5858	0.5746	0.9795	0.9815	0.9813	0.9793	0.9832	0.9808	0.9801	0.9814	0.9805	0.8842	0.9738	0.9813	0.5873	0.9826	0.9791	0.5761	0.5872	0.9757	1.0000	0.6362	0.9791	0.9805	0.5732	0.5712	0.9807	0.9804	0.9773	0.9828	0.9791	0.9802	0.9790	0.6422	0.5809	0.5762	0.9817	0.6392	0.6534	0.9738	0.9826	0.9788	0.5728	0.9753	0.5724	0.9797	0.9806	0.9791	0.5736	0.9699	0.9754	0.9827	0.9782	0.6422	0.5815	0.9802	0.9833	0.9846	0.9812	0.5768	0.9844	0.9824	0.9752	0.5814	0.9803	0.5816	0.5822	0.9824	0.9786	0.9835	0.9811	0.9798	0.5880	0.5740	0.9777	0.9799	0.9816	0.9817	0.9815	0.9820	0.9803	0.9810	0.5876	0.9779	0.9749	0.9767	0.5891	0.9800	0.9802	0.5843	0.9828	0.9840	0.5850	0.9847	0.9760	0.9825	0.9811	0.9820	0.9822	0.9823
0.6945	0.7099	0.6354	0.6386	0.6400	0.6353	0.6359	0.6360	0.6383	0.6357	0.6357	0.6325	0.6402	0.6371	0.6927	0.6363	0.6342	0.4403	0.6955	0.6353	0.6362	1.0000	0.6388	0.6384	0.4396	0.4373	0.6364	0.6375	0.6385	0.6381	0.6363	0.6387	0.6392	0.9724	0.6903	0.4413	0.6369	0.9762	0.9680	0.6383	0.6374	0.6401	0.4375	0.6393	0.4384	0.6363	0.6394	0.6378	0.4393	0.6402	0.6382	0.6389	0.6403	0.9686	0.6957	0.6403	0.6370	0.6384	0.6366	0.6889	0.6368	0.6377	0.6359	0.6932	0.6370	0.6944	0.6963	0.6352	0.6337	0.6338	0.6391	0.6371	0.6988	0.4404	0.6410	0.6353	0.6373	0.6376	0.6379	0.6375	0.6383	0.6378	0.6914	0.6393	0.6390	0.6379	0.7200	0.6344	0.6367	0.6928	0.6378	0.6349	0.6952	0.6368	0.6328	0.6362	0.6380	0.6383	0.6347	0.6382
0.5859	0.5776	0.9840	0.9825	0.9844	0.9798	0.9802	0.9830	0.9852	0.9829	0.9819	0.8841	0.9752	0.9832	0.5874	0.9817	0.9783	0.5774	0.5872	0.9796	0.9791	0.6388	1.0000	0.9752	0.5746	0.5723	0.9818	0.9825	0.9788	0.9816	0.9802	0.9797	0.9821	0.6449	0.5808	0.5774	0.9833	0.6422	0.6561	0.9805	0.9819	0.9830	0.5739	0.9776	0.5736	0.9809	0.9822	0.9846	0.5748	0.9711	0.9814	0.9805	0.9847	0.6448	0.5816	0.9817	0.9816	0.9804	0.9829	0.5767	0.9824	0.9816	0.9806	0.5814	0.9805	0.5819	0.5823	0.9805	0.9764	0.9782	0.9784	0.9844	0.5883	0.5753	0.9785	0.9842	0.9815	0.9795	0.9821	0.9819	0.9769	0.9787	0.5874	0.9812	0.9799	0.9791	0.5935	0.9777	0.9787	0.5845	0.9803	0.9807	0.5853	0.9810	0.9759	0.9841	0.9865	0.9829	0.9762	0.9836
0.5855	0.5771	0.9741	0.9811	0.9806	0.9731	0.9796	0.9772	0.9775	0.9802	0.9718	0.8952	0.9804	0.9776	0.5868	0.9752	0.9709	0.5720	0.5872	0.9716	0.9805	0.6384	0.9752	1.0000	0.5693	0.5673	0.9783	0.9750	0.9807	0.9799	0.9816	0.9843	0.9798	0.6439	0.5810	0.5722	0.9769	0.6411	0.6553	0.9762	0.9795	0.9753	0.5688	0.9829	0.5685	0.9717	0.9806	0.9764	0.5695	0.9783	0.9775	0.9803	0.9762	0.6442	0.5817	0.9826	0.9754	0.9782	0.9789	0.5768	0.9793	0.9807	0.9675	0.5813	0.9808	0.5816	0.5820	0.9786	0.9712	0.9783	0.9850	0.9756	0.5877	0.5700	0.9838	0.9723	0.9821	0.9839	0.9815	0.9814	0.9851	0.9813	0.5874	0.9783	0.9780	0.9804	0.5900	0.9799	0.9837	0.5839	0.9822	0.9774	0.5850	0.9811	0.9691	0.9769	0.9750	0.9833	0.9822	0.9805
0.4756	0.3831	0.5760	0.5727	0.5734	0.5761	0.5736	0.5750	0.5742	0.5724	0.5767	0.5357	0.5704	0.5737	0.4779	0.5742	0.5761	0.9810	0.4734	0.5776	0.5732	0.4396	0.5746	0.5693	1.0000	0.9815	0.5732	0.5749	0.5720	0.5731	0.5716	0.5708	0.5699	0.4461	0.4706	0.9841	0.5780	0.4437	0.4505	0.5721	0.5746	0.5759	0.9871	0.5709	0.9813	0.5760	0.5703	0.5725	0.9847	0.5710	0.5706	0.5723	0.5734	0.4456	0.4687	0.5724	0.5747	0.5744	0.5730	0.4674	0.5754	0.5736	0.5780	0.4698	0.5732	0.4716	0.4708	0.5764	0.5782	0.5735	0.5720	0.5757	0.4763	0.9844	0.5698	0.5752	0.5728	0.5711	0.5750	0.5724	0.5699	0.5713	0.4754	0.5723	0.5715	0.5699	0.4107	0.5719	0.5709	0.4749	0.5718	0.5739	0.4741	0.5756	0.5755	0.5749	0.5749	0.5717	0.5733	0.5734
0.4740	0.3809	0.5739	0.5706	0.5712	0.5740	0.5716	0.5729	0.5720	0.5703	0.5746	0.5328	0.5682	0.5716	0.4763	0.5720	0.5741	0.9758	0.4717	0.5755	0.5712	0.4373	0.5723	0.5673	0.9815	1.0000	0.5711	0.5728	0.5697	0.5710	0.5693	0.5686	0.5678	0.4438	0.4691	0.9797	0.5759	0.4414	0.4481	0.5698	0.5725	0.5737	0.9818	0.5687	0.9806	0.5740	0.5682	0.5703	0.9789	0.5687	0.5682	0.5702	0.5712	0.4433	0.4672	0.5702	0.5727	0.5723	0.5709	0.4661	0.5733	0.5715	0.5759	0.4683	0.5710	0.4700	0.4694	0.5743	0.5761	0.5715	0.5699	0.5736	0.4748	0.9815	0.5676	0.5730	0.5706	0.5690	0.5729	0.5703	0.5678	0.5691	0.4739	0.5701	0.5692	0.5677	0.4083	0.5698	0.5688	0.4734	0.5697	0.5719	0.4725	0.5736	0.5735	0.5728	0.5727	0.5696	0.5713	0.5713
0.5872	0.5760	0.9831	0.9801	0.9807	0.9791	0.9832	0.9842	0.9831	0.9831	0.9801	0.8864	0.9775	0.9833	0.5888	0.9825	0.9793	0.5760	0.5886	0.9813	0.9807	0.6364	0.9818	0.9783	0.5732	0.5711	1.0000	0.9785	0.9810	0.9821	0.9800	0.9821	0.9821	0.6422	0.5823	0.5761	0.9811	0.6395	0.6534	0.9785	0.9813	0.9788	0.5727	0.9796	0.5724	0.9781	0.9812	0.9828	0.5735	0.9720	0.9785	0.9809	0.9828	0.6422	0.5830	0.9823	0.9790	0.9814	0.9829	0.5781	0.9839	0.9834	0.9767	0.5828	0.9818	0.5831	0.5835	0.9835	0.9791	0.9810	0.9810	0.9825	0.5895	0.5740	0.9787	0.9823	0.9832	0.9826	0.9835	0.9841	0.9792	0.9808	0.5889	0.9790	0.9784	0.9802	0.5902	0.9830	0.9811	0.5856	0.9832	0.9840	0.5865	0.9837	0.9747	0.9842	0.9807	0.9849	0.9803	0.9795
0.5855	0.5744	0.9817	0.9803	0.9799	0.9821	0.9823	0.9836	0.9819	0.9806	0.9806	0.8805	0.9717	0.9853	0.5870	0.9791	0.9817	0.5778	0.5866	0.9775	0.9804	0.6375	0.9825	0.9750	0.5749	0.5728	0.9785	1.0000	0.9742	0.9833	0.9774	0.9779	0.9801	0.6437	0.5805	0.5778	0.9826	0.6409	0.6549	0.9737	0.9813	0.9832	0.5743	0.9738	0.5740	0.9801	0.9790	0.9785	0.5752	0.9673	0.9767	0.9820	0.9786	0.6437	0.5811	0.9775	0.9830	0.9824	0.9815	0.5764	0.9795	0.9820	0.9781	0.5811	0.9798	0.5814	0.5818	0.9797	0.9795	0.9802	0.9776	0.9813	0.5876	0.5756	0.9768	0.9801	0.9779	0.9783	0.9795	0.9814	0.9750	0.9799	0.5871	0.9773	0.9742	0.9740	0.5910	0.9776	0.9782	0.5841	0.9794	0.9793	0.5848	0.9829	0.9753	0.9838	0.9809	0.9792	0.9770	0.9814
0.5878	0.5792	0.9763	0.9796	0.9828	0.9726	0.9775	0.9791	0.9807	0.9811	0.9729	0.8974	0.9835	0.9780	0.5892	0.9770	0.9711	0.5748	0.5895	0.9771	0.9773	0.6385	0.9788	0.9807	0.5720	0.5697	0.9810	0.9742	1.0000	0.9778	0.9822	0.9832	0.9824	0.6439	0.5832	0.5749	0.9772	0.6413	0.6553	0.9837	0.9791	0.9749	0.5715	0.9836	0.5711	0.9718	0.9813	0.9792	0.5721	0.9802	0.9825	0.9793	0.9831	0.6439	0.5841	0.9827	0.9737	0.9777	0.9790	0.5790	0.9803	0.9812	0.9700	0.5835	0.9831	0.5840	0.5843	0.9790	0.9705	0.9775	0.9845	0.9779	0.5901	0.5727	0.9831	0.9774	0.9843	0.9840	0.9821	0.9808	0.9843	0.9818	0.5897	0.9797	0.9823	0.9852	0.5921	0.9798	0.9823	0.5862	0.9817	0.9775	0.5874	0.9801	0.9688	0.9779	0.9776	0.9837	0.9794	0.9794
0.5866	0.5753	0.9818	0.9849	0.9815	0.9827	0.9839	0.9843	0.9809	0.9808	0.9812	0.8834	0.9746	0.9839	0.5882	0.9819	0.9813	0.5760	0.5879	0.9782	0.9828	0.6381	0.9816	0.9799	0.5731	0.5710	0.9821	0.9833	0.9778	1.0000	0.9812	0.9835	0.9806	0.6442	0.5816	0.5760	0.9834	0.6414	0.6554	0.9764	0.9829	0.9827	0.5726	0.9782	0.5723	0.9807	0.9820	0.9808	0.5735	0.9712	0.9786	0.9826	0.9804	0.6443	0.5822	0.9799	0.9829	0.9843	0.9831	0.5775	0.9844	0.9851	0.9784	0.5822	0.9807	0.5825	0.5829	0.9826	0.9802	0.9826	0.9822	0.9846	0.5888	0.5739	0.9795	0.9801	0.9814	0.9817	0.9843	0.9843	0.9806	0.9820	0.5882	0.9783	0.9753	0.9781	0.5915	0.9796	0.9816	0.5851	0.9834	0.9826	0.5860	0.9857	0.9770	0.9851	0.9819	0.9833	0.9813	0.9812
0.5849	0.5761	0.9790	0.9829	0.9828	0.9776	0.9805	0.9823	0.9792	0.9824	0.9762	0.8918	0.9792	0.9821	0.5863	0.9779	0.9747	0.5744	0.5865	0.9763	0.9791	0.6363	0.9802	0.9816	0.5716	0.5693	0.9800	0.9774	0.9822	0.9812	1.0000	0.9846	0.9818	0.6422	0.5801	0.5745	0.9798	0.6394	0.6535	0.9817	0.9827	0.9781	0.5710	0.9817	0.5707	0.9764	0.9813	0.9781	0.5717	0.9767	0.9835	0.9818	0.9796	0.6423	0.5809	0.9813	0.9789	0.9804	0.9819	0.5760	0.9823	0.9843	0.9739	0.5805	0.9818	0.5810	0.5812	0.9806	0.9749	0.9809	0.9836	0.9813	0.5871	0.5723	0.9836	0.9771	0.9841	0.9831	0.9836	0.9833	0.9828	0.9834	0.5867	0.9803	0.9801	0.9825	0.5908	0.9794	0.9849	0.5833	0.9836	0.9799	0.5845	0.9828	0.9733	0.9815	0.9795	0.9833	0.9806	0.9804
0.5853	0.5774	0.9776	0.9842	0.9841	0.9763	0.9824	0.9815	0.9801	0.9825	0.9764	0.8942	0.9822	0.9816	0.5866	0.9775	0.9741	0.5737	0.5869	0.9756	0.9802	0.6387	0.9797	0.9843	0.5708	0.5686	0.9821	0.9779	0.9832	0.9835	0.9846	1.0000	0.9836	0.6443	0.5806	0.5737	0.9802	0.6415	0.6557	0.9816	0.9818	0.9794	0.5702	0.9860	0.5699	0.9743	0.9841	0.9792	0.5711	0.9800	0.9823	0.9827	0.9807	0.6444	0.5813	0.9833	0.9794	0.9803	0.9820	0.5764	0.9819	0.9844	0.9712	0.5810	0.9829	0.5813	0.5816	0.9807	0.9742	0.9807	0.9860	0.9796	0.5875	0.5715	0.9872	0.9767	0.9845	0.9871	0.9844	0.9844	0.9867	0.9865	0.5871	0.9818	0.9806	0.9840	0.5913	0.9810	0.9856	0.5837	0.9842	0.9798	0.5848	0.9837	0.9706	0.9815	0.9787	0.9848	0.9837	0.9826
0.5856	0.5785	0.9803	0.9825	0.9841	0.9771	0.9810	0.9822	0.9814	0.9847	0.9772	0.8932	0.9808	0.9823	0.5870	0.9775	0.9742	0.5727	0.5872	0.9759	0.9790	0.6392	0.9821	0.9798	0.5699	0.5678	0.9821	0.9801	0.9824	0.9806	0.9818	0.9836	1.0000	0.6449	0.5809	0.5728	0.9797	0.6422	0.6564	0.9831	0.9825	0.9797	0.5694	0.9829	0.5690	0.9742	0.9825	0.9805	0.5701	0.9792	0.9837	0.9819	0.9827	0.6449	0.5817	0.9821	0.9788	0.9783	0.9818	0.5768	0.9797	0.9846	0.9732	0.5814	0.9850	0.5817	0.5820	0.9797	0.9731	0.9807	0.9847	0.9793	0.5880	0.5707	0.9826	0.9783	0.9839	0.9834	0.9823	0.9832	0.9832	0.9834	0.5874	0.9827	0.9798	0.9838	0.5925	0.9814	0.9834	0.5841	0.9846	0.9782	0.5851	0.9820	0.9711	0.9811	0.9807	0.9838	0.9780	0.9810
0.6892	0.7041	0.6418	0.6446	0.6458	0.6418	0.6420	0.6420	0.6443	0.6415	0.6421	0.6336	0.6454	0.6431	0.6879	0.6424	0.6406	0.4469	0.6897	0.6415	0.6422	0.9724	0.6449	0.6439	0.4461	0.4438	0.6422	0.6437	0.6439	0.6442	0.6422	0.6443	0.6449	1.0000	0.6844	0.4479	0.6430	0.9820	0.9772	0.6441	0.6435	0.6463	0.4440	0.6448	0.4449	0.6430	0.6451	0.6438	0.4459	0.6453	0.6440	0.6448	0.6462	0.9821	0.6894	0.6459	0.6432	0.6444	0.6427	0.6829	0.6426	0.6436	0.6427	0.6873	0.6429	0.6887	0.6904	0.6413	0.6403	0.6397	0.6446	0.6433	0.6935	0.4471	0.6465	0.6414	0.6430	0.6433	0.6439	0.6433	0.6439	0.6434	0.6861	0.6452	0.6445	0.6434	0.7216	0.6400	0.6423	0.6877	0.6437	0.6408	0.6898	0.6427	0.6395	0.6424	0.6443	0.6439	0.6402	0.6440
0.9726	0.5662	0.5811	0.5822	0.5838	0.5813	0.5808	0.5820	0.5823	0.5806	0.5811	0.5667	0.5827	0.5812	0.9698	0.5822	0.5824	0.4715	0.9725	0.5820	0.5809	0.6903	0.5808	0.5810	0.4706	0.4691	0.5823	0.5805	0.5832	0.5816	0.5801	0.5806	0.5809	0.6844	1.0000	0.4714	0.5835	0.6857	0.6804	0.5823	0.5818	0.5819	0.4699	0.5812	0.4699	0.5815	0.5804	0.5810	0.4699	0.5832	0.5804	0.5825	0.5843	0.6832	0.9772	0.5822	0.5815	0.5825	0.5806	0.9799	0.5829	0.5820	0.5806	0.9803	0.5808	0.9800	0.9765	0.5827	0.5813	0.5809	0.5834	0.5815	0.9701	0.4709	0.5818	0.5830	0.5834	0.5814	0.5838	0.5806	0.5810	0.5805	0.9770	0.5822	0.5815	0.5816	0.5761	0.5815	0.5808	0.9743	0.5818	0.5815	0.9775	0.5837	0.5805	0.5806	0.5815	0.5818	0.5821	0.5810
0.4764	0.3851	0.5790	0.5756	0.5763	0.5789	0.5765	0.5780	0.5770	0.5753	0.5797	0.5384	0.5732	0.5766	0.4786	0.5770	0.5791	0.9814	0.4741	0.5804	0.5762	0.4413	0.5774	0.5722	0.9841	0.9797	0.5761	0.5778	0.5749	0.5760	0.5745	0.5737	0.5728	0.4479	0.4714	1.0000	0.5809	0.4454	0.4523	0.5750	0.5775	0.5789	0.9831	0.5737	0.9809	0.5789	0.5732	0.5753	0.9816	0.5739	0.5736	0.5752	0.5762	0.4473	0.4696	0.5752	0.5776	0.5773	0.5759	0.4683	0.5783	0.5765	0.5809	0.4707	0.5761	0.4724	0.4717	0.5793	0.5812	0.5764	0.5749	0.5786	0.4772	0.9826	0.5728	0.5781	0.5756	0.5740	0.5779	0.5754	0.5729	0.5743	0.4763	0.5751	0.5744	0.5728	0.4127	0.5747	0.5738	0.4756	0.5747	0.5768	0.4750	0.5785	0.5784	0.5778	0.5778	0.5746	0.5762	0.5763
0.5885	0.5746	0.9831	0.9834	0.9839	0.9816	0.9840	0.9826	0.9810	0.9813	0.9823	0.8818	0.9734	0.9820	0.5902	0.9801	0.9800	0.5810	0.5897	0.9787	0.9817	0.6369	0.9833	0.9769	0.5780	0.5759	0.9811	0.9826	0.9772	0.9834	0.9798	0.9802	0.9797	0.6430	0.5835	0.5809	1.0000	0.6402	0.6541	0.9765	0.9831	0.9828	0.5775	0.9761	0.5771	0.9810	0.9791	0.9790	0.5783	0.9700	0.9784	0.9828	0.9801	0.6431	0.5840	0.9791	0.9846	0.9834	0.9822	0.5793	0.9836	0.9840	0.9788	0.5840	0.9813	0.5844	0.5848	0.9834	0.9802	0.9813	0.9804	0.9824	0.5908	0.5788	0.9781	0.9807	0.9804	0.9807	0.9844	0.9815	0.9775	0.9792	0.5902	0.9790	0.9754	0.9770	0.5906	0.9795	0.9799	0.5871	0.9817	0.9807	0.5879	0.9849	0.9760	0.9829	0.9834	0.9811	0.9807	0.9832
0.6904	0.7068	0.6388	0.6417	0.6430	0.6389	0.6390	0.6392	0.6416	0.6387	0.6392	0.6323	0.6429	0.6404	0.6889	0.6396	0.6377	0.4444	0.6911	0.6386	0.6392	0.9762	0.6422	0.6411	0.4437	0.4414	0.6395	0.6409	0.6413	0.6414	0.6394	0.6415	0.6422	0.9820	0.6857	0.4454	0.6402	1.0000	0.9750	0.6414	0.6406	0.6434	0.4416	0.6422	0.4425	0.6399	0.6423	0.6410	0.4435	0.6428	0.6413	0.6420	0.6436	0.9757	0.6909	0.6433	0.6403	0.6416	0.6398	0.6841	0.6398	0.6407	0.6396	0.6887	0.6401	0.6901	0.6918	0.6383	0.6372	0.6368	0.6419	0.6405	0.6947	0.4446	0.6438	0.6386	0.6403	0.6405	0.6410	0.6404	0.6411	0.6407	0.6873	0.6424	0.6418	0.6407	0.7226	0.6373	0.6396	0.6889	0.6409	0.6380	0.6911	0.6399	0.6364	0.6394	0.6414	0.6412	0.6373	0.6412
0.6850	0.7093	0.6527	0.6557	0.6571	0.6528	0.6531	0.6531	0.6554	0.6528	0.6531	0.6467	0.6571	0.6544	0.6838	0.6533	0.6514	0.4513	0.6862	0.6525	0.6534	0.9680	0.6561	0.6553	0.4505	0.4481	0.6534	0.6549	0.6553	0.6554	0.6535	0.6557	0.6564	0.9772	0.6804	0.4523	0.6541	0.9750	1.0000	0.6554	0.6547	0.6574	0.4484	0.6563	0.4493	0.6537	0.6563	0.6550	0.4502	0.6569	0.6555	0.6561	0.6574	0.9727	0.6855	0.6574	0.6543	0.6555	0.6539	0.6787	0.6538	0.6547	0.6534	0.6832	0.6542	0.6845	0.6860	0.6523	0.6512	0.6508	0.6560	0.6543	0.6892	0.4514	0.6580	0.6524	0.6543	0.6546	0.6550	0.6545	0.6553	0.6548	0.6825	0.6563	0.6558	0.6547	0.7232	0.6512	0.6537	0.6834	0.6549	0.6519	0.6859	0.6538	0.6502	0.6534	0.6553	0.6552	0.6514	0.6552
0.5869	0.5790	0.9777	0.9804	0.9817	0.9737	0.9756	0.9802	0.9804	0.9819	0.9745	0.8960	0.9826	0.9788	0.5883	0.9761	0.9708	0.5749	0.5885	0.9766	0.9738	0.6383	0.9805	0.9762	0.5721	0.5698	0.9785	0.9737	0.9837	0.9764	0.9817	0.9816	0.9831	0.6441	0.5823	0.5750	0.9765	0.6414	0.6554	1.0000	0.9785	0.9754	0.5714	0.9811	0.5711	0.9723	0.9808	0.9796	0.5722	0.9801	0.9851	0.9775	0.9826	0.6440	0.5830	0.9806	0.9734	0.9740	0.9800	0.5780	0.9781	0.9804	0.9718	0.5827	0.9811	0.5831	0.5833	0.9787	0.9706	0.9761	0.9813	0.9784	0.5894	0.5728	0.9816	0.9790	0.9841	0.9818	0.9816	0.9807	0.9827	0.9800	0.5887	0.9823	0.9832	0.9860	0.5930	0.9782	0.9806	0.5854	0.9810	0.9767	0.5865	0.9775	0.9694	0.9778	0.9787	0.9818	0.9767	0.9792
0.5866	0.5760	0.9819	0.9842	0.9841	0.9814	0.9831	0.9840	0.9833	0.9829	0.9822	0.8850	0.9756	0.9848	0.5882	0.9831	0.9808	0.5774	0.5880	0.9785	0.9826	0.6374	0.9819	0.9795	0.5746	0.5725	0.9813	0.9813	0.9791	0.9829	0.9827	0.9818	0.9825	0.6435	0.5818	0.5775	0.9831	0.6406	0.6547	0.9785	1.0000	0.9807	0.5741	0.9770	0.5737	0.9793	0.9824	0.9804	0.5749	0.9722	0.9772	0.9843	0.9807	0.6433	0.5823	0.9811	0.9829	0.9800	0.9835	0.5777	0.9831	0.9834	0.9777	0.5822	0.9817	0.5825	0.5829	0.9842	0.9777	0.9835	0.9828	0.9825	0.5889	0.5754	0.9789	0.9808	0.9827	0.9833	0.9843	0.9827	0.9805	0.9824	0.5883	0.9800	0.9794	0.9781	0.5911	0.9827	0.9806	0.5852	0.9821	0.9836	0.5859	0.9858	0.9770	0.9841	0.9817	0.9837	0.9811	0.9827
0.5870	0.5761	0.9821	0.9820	0.9832	0.9807	0.9806	0.9817	0.9802	0.9787	0.9814	0.8821	0.9718	0.9817	0.5883	0.9772	0.9785	0.5787	0.5880	0.9764	0.9788	0.6401	0.9830	0.9753	0.5759	0.5737	0.9788	0.9832	0.9749	0.9827	0.9781	0.9794	0.9797	0.6463	0.5819	0.5789	0.9828	0.6434	0.6574	0.9754	0.9807	1.0000	0.5753	0.9744	0.5749	0.9812	0.9812	0.9791	0.5761	0.9704	0.9784	0.9815	0.9793	0.6464	0.5826	0.9764	0.9832	0.9810	0.9790	0.5778	0.9805	0.9836	0.9780	0.5825	0.9795	0.5829	0.5832	0.9791	0.9778	0.9767	0.9783	0.9823	0.5891	0.5766	0.9781	0.9784	0.9778	0.9780	0.9822	0.9815	0.9766	0.9808	0.5884	0.9813	0.9761	0.9760	0.5931	0.9750	0.9774	0.5853	0.9807	0.9764	0.5864	0.9814	0.9745	0.9820	0.9814	0.9797	0.9756	0.9821
0.4749	0.3807	0.5756	0.5721	0.5729	0.5756	0.5732	0.5745	0.5736	0.5719	0.5762	0.5345	0.5698	0.5732	0.4772	0.5737	0.5757	0.9795	0.4727	0.5771	0.5728	0.4375	0.5739	0.5688	0.9871	0.9818	0.5727	0.5743	0.5715	0.5726	0.5710	0.5702	0.5694	0.4440	0.4699	0.9831	0.5775	0.4416	0.4484	0.5714	0.5741	0.5753	1.0000	0.5703	0.9832	0.5755	0.5697	0.5719	0.9841	0.5703	0.5699	0.5718	0.5728	0.4435	0.4681	0.5718	0.5742	0.5739	0.5724	0.4668	0.5749	0.5731	0.5775	0.4692	0.5727	0.4709	0.4702	0.5759	0.5778	0.5731	0.5715	0.5752	0.4757	0.9851	0.5692	0.5747	0.5722	0.5705	0.5745	0.5719	0.5694	0.5707	0.4748	0.5717	0.5709	0.5693	0.4081	0.5715	0.5704	0.4742	0.5713	0.5735	0.4734	0.5751	0.5751	0.5744	0.5743	0.5712	0.5729	0.5728
0.5857	0.5793	0.9736	0.9783	0.9795	0.9710	0.9774	0.9776	0.9774	0.9795	0.9708	0.9001	0.9834	0.9773	0.5871	0.9743	0.9680	0.5736	0.5876	0.9716	0.9753	0.6393	0.9776	0.9829	0.5709	0.5687	0.9796	0.9738	0.9836	0.9782	0.9817	0.9860	0.9829	0.6448	0.5812	0.5737	0.9761	0.6422	0.6563	0.9811	0.9770	0.9744	0.5703	1.0000	0.5699	0.9691	0.9803	0.9772	0.5711	0.9818	0.9823	0.9788	0.9792	0.6449	0.5820	0.9841	0.9733	0.9764	0.9784	0.5770	0.9787	0.9802	0.9669	0.5816	0.9817	0.5819	0.5821	0.9755	0.9683	0.9762	0.9840	0.9756	0.5881	0.5716	0.9849	0.9731	0.9827	0.9833	0.9804	0.9794	0.9834	0.9819	0.5876	0.9791	0.9795	0.9835	0.5920	0.9782	0.9844	0.5842	0.9809	0.9746	0.5854	0.9790	0.9653	0.9760	0.9760	0.9825	0.9802	0.9784
0.4750	0.3825	0.5752	0.5718	0.5725	0.5752	0.5728	0.5742	0.5731	0.5715	0.5759	0.5340	0.5695	0.5729	0.4774	0.5733	0.5753	0.9799	0.4728	0.5768	0.5724	0.4384	0.5736	0.5685	0.9813	0.9806	0.5724	0.5740	0.5711	0.5723	0.5707	0.5699	0.5690	0.4449	0.4699	0.9809	0.5771	0.4425	0.4493	0.5711	0.5737	0.5749	0.9832	0.5699	1.0000	0.5751	0.5693	0.5716	0.9807	0.5700	0.5695	0.5714	0.5724	0.4444	0.4681	0.5715	0.5739	0.5736	0.5721	0.4669	0.5747	0.5727	0.5772	0.4693	0.5723	0.4709	0.4703	0.5756	0.5776	0.5728	0.5712	0.5748	0.4758	0.9830	0.5689	0.5743	0.5719	0.5702	0.5741	0.5716	0.5691	0.5703	0.4749	0.5712	0.5704	0.5689	0.4097	0.5711	0.5701	0.4742	0.5710	0.5732	0.4735	0.5748	0.5748	0.5741	0.5739	0.5708	0.5725	0.5724
0.5868	0.5728	0.9823	0.9795	0.9788	0.9845	0.9802	0.9815	0.9820	0.9788	0.9820	0.8745	0.9668	0.9811	0.5883	0.9808	0.9838	0.5789	0.5877	0.9802	0.9797	0.6363	0.9809	0.9717	0.5760	0.5740	0.9781	0.9801	0.9718	0.9807	0.9764	0.9743	0.9742	0.6430	0.5815	0.5789	0.9810	0.6399	0.6537	0.9723	0.9793	0.9812	0.5755	0.9691	0.5751	1.0000	0.9773	0.9790	0.5763	0.9631	0.9737	0.9785	0.9774	0.6430	0.5821	0.9742	0.9815	0.9807	0.9781	0.5774	0.9794	0.9781	0.9856	0.5821	0.9754	0.5826	0.5830	0.9788	0.9824	0.9766	0.9726	0.9838	0.5890	0.5768	0.9719	0.9821	0.9770	0.9755	0.9807	0.9798	0.9721	0.9743	0.5882	0.9775	0.9728	0.9731	0.5909	0.9727	0.9740	0.5853	0.9782	0.9797	0.5860	0.9798	0.9827	0.9830	0.9820	0.9763	0.9724	0.9794
0.5851	0.5780	0.9799	0.9856	0.9860	0.9772	0.9825	0.9816	0.9832	0.9834	0.9781	0.8903	0.9786	0.9814	0.5865	0.9810	0.9761	0.5731	0.5865	0.9765	0.9806	0.6394	0.9822	0.9806	0.5703	0.5682	0.9812	0.9790	0.9813	0.9820	0.9813	0.9841	0.9825	0.6451	0.5804	0.5732	0.9791	0.6423	0.6563	0.9808	0.9824	0.9812	0.5697	0.9803	0.5693	0.9773	1.0000	0.9829	0.5705	0.9755	0.9799	0.9832	0.9816	0.6451	0.5810	0.9822	0.9797	0.9810	0.9819	0.5763	0.9811	0.9844	0.9745	0.5808	0.9811	0.5811	0.5815	0.9804	0.9737	0.9789	0.9819	0.9821	0.5874	0.5710	0.9821	0.9796	0.9817	0.9837	0.9832	0.9851	0.9841	0.9837	0.5867	0.9828	0.9823	0.9834	0.5923	0.9787	0.9821	0.5836	0.9839	0.9802	0.5846	0.9821	0.9721	0.9818	0.9825	0.9854	0.9807	0.9852
0.5861	0.5771	0.9819	0.9815	0.9829	0.9795	0.9811	0.9830	0.9851	0.9851	0.9829	0.8846	0.9762	0.9840	0.5877	0.9848	0.9780	0.5753	0.5874	0.9806	0.9791	0.6378	0.9846	0.9764	0.5725	0.5703	0.9828	0.9785	0.9792	0.9808	0.9781	0.9792	0.9805	0.6438	0.5810	0.5753	0.9790	0.6410	0.6550	0.9796	0.9804	0.9791	0.5719	0.9772	0.5716	0.9790	0.9829	1.0000	0.5728	0.9704	0.9779	0.9802	0.9848	0.6437	0.5818	0.9813	0.9784	0.9793	0.9838	0.5769	0.9820	0.9796	0.9785	0.5817	0.9800	0.5820	0.5824	0.9831	0.9780	0.9786	0.9785	0.9830	0.5885	0.5733	0.9769	0.9841	0.9827	0.9806	0.9829	0.9830	0.9779	0.9770	0.5876	0.9810	0.9806	0.9797	0.5926	0.9792	0.9785	0.5845	0.9818	0.9817	0.5854	0.9796	0.9772	0.9840	0.9838	0.9837	0.9761	0.9810
0.4749	0.3827	0.5763	0.5729	0.5736	0.5764	0.5739	0.5753	0.5744	0.5727	0.5771	0.5349	0.5705	0.5740	0.4773	0.5745	0.5765	0.9810	0.4728	0.5779	0.5736	0.4393	0.5748	0.5695	0.9847	0.9789	0.5735	0.5752	0.5721	0.5735	0.5717	0.5711	0.5701	0.4459	0.4699	0.9816	0.5783	0.4435	0.4502	0.5722	0.5749	0.5761	0.9841	0.5711	0.9807	0.5763	0.5705	0.5728	1.0000	0.5710	0.5708	0.5726	0.5736	0.4453	0.4680	0.5727	0.5750	0.5747	0.5733	0.4668	0.5758	0.5738	0.5784	0.4692	0.5734	0.4709	0.4702	0.5766	0.5786	0.5738	0.5723	0.5760	0.4758	0.9815	0.5700	0.5756	0.5730	0.5713	0.5753	0.5727	0.5701	0.5715	0.4748	0.5724	0.5716	0.5700	0.4106	0.5722	0.5712	0.4743	0.5720	0.5743	0.4735	0.5759	0.5759	0.5752	0.5752	0.5720	0.5736	0.5736
0.5874	0.5810	0.9689	0.9741	0.9758	0.9656	0.9711	0.9715	0.9710	0.9746	0.9652	0.9073	0.9821	0.9710	0.5886	0.9672	0.9624	0.5736	0.5894	0.9671	0.9699	0.6402	0.9711	0.9783	0.5710	0.5687	0.9720	0.9673	0.9802	0.9712	0.9767	0.9800	0.9792	0.6453	0.5832	0.5739	0.9700	0.6428	0.6569	0.9801	0.9722	0.9704	0.5703	0.9818	0.5700	0.9631	0.9755	0.9704	0.5710	1.0000	0.9792	0.9726	0.9739	0.6455	0.5841	0.9768	0.9672	0.9697	0.9724	0.5790	0.9716	0.9757	0.9602	0.5834	0.9776	0.5837	0.5839	0.9706	0.9625	0.9717	0.9811	0.9695	0.5897	0.5716	0.9820	0.9675	0.9784	0.9779	0.9756	0.9756	0.9817	0.9787	0.5894	0.9774	0.9768	0.9814	0.5924	0.9746	0.9786	0.5858	0.9760	0.9693	0.5872	0.9735	0.9605	0.9696	0.9706	0.9767	0.9743	0.9736
0.5851	0.5789	0.9781	0.9800	0.9817	0.9743	0.9769	0.9795	0.9796	0.9821	0.9744	0.8950	0.9798	0.9794	0.5864	0.9749	0.9705	0.5733	0.5866	0.9750	0.9754	0.6382	0.9814	0.9775	0.5706	0.5682	0.9785	0.9767	0.9825	0.9786	0.9835	0.9823	0.9837	0.6440	0.5804	0.5736	0.9784	0.6413	0.6555	0.9851	0.9772	0.9784	0.5699	0.9823	0.5695	0.9737	0.9799	0.9779	0.5708	0.9792	1.0000	0.9796	0.9813	0.6440	0.5813	0.9811	0.9757	0.9767	0.9806	0.5762	0.9777	0.9816	0.9716	0.5808	0.9831	0.5813	0.5815	0.9776	0.9714	0.9766	0.9812	0.9782	0.5875	0.5712	0.9840	0.9770	0.9832	0.9805	0.9804	0.9819	0.9807	0.9815	0.5869	0.9824	0.9812	0.9855	0.5935	0.9773	0.9822	0.5836	0.9813	0.9757	0.5848	0.9785	0.9696	0.9775	0.9811	0.9808	0.9758	0.9796
0.5874	0.5765	0.9796	0.9835	0.9840	0.9803	0.9827	0.9844	0.9821	0.9830	0.9799	0.8866	0.9765	0.9828	0.5889	0.9818	0.9789	0.5752	0.5888	0.9778	0.9827	0.6389	0.9805	0.9803	0.5723	0.5702	0.9809	0.9820	0.9793	0.9826	0.9818	0.9827	0.9819	0.6448	0.5825	0.5752	0.9828	0.6420	0.6561	0.9775	0.9843	0.9815	0.5718	0.9788	0.5714	0.9785	0.9832	0.9802	0.5726	0.9726	0.9796	1.0000	0.9808	0.6448	0.5832	0.9806	0.9830	0.9844	0.9823	0.5784	0.9823	0.9849	0.9759	0.5830	0.9828	0.5834	0.5837	0.9824	0.9768	0.9813	0.9825	0.9818	0.5896	0.5731	0.9822	0.9794	0.9820	0.9844	0.9836	0.9838	0.9811	0.9834	0.5891	0.9806	0.9782	0.9794	0.5918	0.9806	0.9835	0.5859	0.9827	0.9802	0.5868	0.9849	0.9751	0.9834	0.9817	0.9831	0.9813	0.9824
0.5892	0.5793	0.9815	0.9812	0.9832	0.9784	0.9802	0.9826	0.9863	0.9817	0.9787	0.8884	0.9786	0.9825	0.5907	0.9826	0.9768	0.5762	0.5906	0.9813	0.9782	0.6403	0.9847	0.9762	0.5734	0.5712	0.9828	0.9786	0.9831	0.9804	0.9796	0.9807	0.9827	0.6462	0.5843	0.5762	0.9801	0.6436	0.6574	0.9826	0.9807	0.9793	0.5728	0.9792	0.5724	0.9774	0.9816	0.9848	0.5736	0.9739	0.9813	0.9808	1.0000	0.6460	0.5850	0.9824	0.9774	0.9803	0.9834	0.5801	0.9828	0.9827	0.9769	0.5848	0.9821	0.5852	0.5855	0.9812	0.9749	0.9776	0.9813	0.9847	0.5916	0.5742	0.9801	0.9828	0.9846	0.9808	0.9830	0.9818	0.9791	0.9793	0.5907	0.9828	0.9828	0.9835	0.5946	0.9797	0.9791	0.5877	0.9824	0.9811	0.5886	0.9809	0.9739	0.9819	0.9838	0.9853	0.9759	0.9815
0.6880	0.7008	0.6417	0.6447	0.6457	0.6419	0.6420	0.6421	0.6442	0.6415	0.6419	0.6341	0.6455	0.6431	0.6864	0.6422	0.6406	0.4463	0.6883	0.6415	0.6422	0.9686	0.6448	0.6442	0.4456	0.4433	0.6422	0.6437	0.6439	0.6443	0.6423	0.6444	0.6449	0.9821	0.6832	0.4473	0.6431	0.9757	0.9727	0.6440	0.6433	0.6464	0.4435	0.6449	0.4444	0.6430	0.6451	0.6437	0.4453	0.6455	0.6440	0.6448	0.6460	1.0000	0.6884	0.6458	0.6433	0.6446	0.6426	0.6816	0.6426	0.6437	0.6424	0.6861	0.6430	0.6876	0.6893	0.6412	0.6403	0.6398	0.6446	0.6433	0.6919	0.4464	0.6466	0.6413	0.6430	0.6433	0.6439	0.6433	0.6440	0.6436	0.6850	0.6452	0.6443	0.6434	0.7191	0.6399	0.6424	0.6861	0.6438	0.6407	0.6885	0.6428	0.6395	0.6424	0.6440	0.6439	0.6403	0.6441
0.9713	0.5715	0.5817	0.5828	0.5845	0.5818	0.5814	0.5826	0.5829	0.5814	0.5817	0.5686	0.5835	0.5819	0.9650	0.5827	0.5828	0.4696	0.9684	0.5828	0.5815	0.6957	0.5816	0.5817	0.4687	0.4672	0.5830	0.5811	0.5841	0.5822	0.5809	0.5813	0.5817	0.6894	0.9772	0.4696	0.5840	0.6909	0.6855	0.5830	0.5823	0.5826	0.4681	0.5820	0.4681	0.5821	0.5810	0.5818	0.4680	0.5841	0.5813	0.5832	0.5850	0.6884	1.0000	0.5830	0.5820	0.5832	0.5812	0.9795	0.5835	0.5827	0.5812	0.9761	0.5815	0.9796	0.9747	0.5833	0.5818	0.5814	0.5842	0.5822	0.9694	0.4691	0.5826	0.5836	0.5842	0.5820	0.5844	0.5813	0.5817	0.5812	0.9716	0.5829	0.5822	0.5824	0.5809	0.5821	0.5816	0.9700	0.5826	0.5821	0.9737	0.5843	0.5811	0.5813	0.5821	0.5825	0.5825	0.5816
0.5869	0.5803	0.9766	0.9803	0.9827	0.9739	0.9798	0.9791	0.9822	0.9830	0.9758	0.8931	0.9822	0.9818	0.5884	0.9796	0.9729	0.5751	0.5886	0.9758	0.9802	0.6403	0.9817	0.9826	0.5724	0.5702	0.9823	0.9775	0.9827	0.9799	0.9813	0.9833	0.9821	0.6459	0.5822	0.5752	0.9791	0.6433	0.6574	0.9806	0.9811	0.9764	0.5718	0.9841	0.5715	0.9742	0.9822	0.9813	0.5727	0.9768	0.9811	0.9806	0.9824	0.6458	0.5830	1.0000	0.9758	0.9805	0.9828	0.5780	0.9826	0.9814	0.9722	0.5826	0.9817	0.5829	0.5832	0.9796	0.9734	0.9781	0.9836	0.9789	0.5893	0.5732	0.9838	0.9782	0.9848	0.9832	0.9823	0.9827	0.9818	0.9798	0.5887	0.9800	0.9817	0.9817	0.5934	0.9808	0.9827	0.5855	0.9817	0.9807	0.5864	0.9806	0.9704	0.9801	0.9806	0.9862	0.9803	0.9808
0.5867	0.5745	0.9825	0.9837	0.9836	0.9831	0.9823	0.9827	0.9799	0.9795	0.9835	0.8794	0.9698	0.9821	0.5882	0.9803	0.9800	0.5776	0.5877	0.9768	0.9833	0.6370	0.9816	0.9754	0.5747	0.5727	0.9790	0.9830	0.9737	0.9829	0.9789	0.9794	0.9788	0.6432	0.5815	0.5776	0.9846	0.6403	0.6543	0.9734	0.9829	0.9832	0.5742	0.9733	0.5739	0.9815	0.9797	0.9784	0.5750	0.9672	0.9757	0.9830	0.9774	0.6433	0.5820	0.9758	1.0000	0.9819	0.9813	0.5774	0.9825	0.9825	0.9791	0.5821	0.9783	0.5825	0.5829	0.9809	0.9795	0.9827	0.9779	0.9821	0.5888	0.5754	0.9757	0.9802	0.9787	0.9800	0.9809	0.9803	0.9775	0.9799	0.5882	0.9780	0.9735	0.9744	0.5911	0.9767	0.9785	0.5852	0.9817	0.9812	0.5860	0.9846	0.9785	0.9830	0.9822	0.9790	0.9785	0.9817
