
Using the parameter settings in the file: 
''1602839237/clumpp.paramfile''

Parameter settings
----------------------- Main parameters -------------------------
DATATYPE = 0
INDFILE = 1602839237/ClumppIndFile
POPFILE = 
OUTFILE = 1602839237/ClumppIndFile.output
MISCFILE = 1602839237/ClumppIndFile.misc
K = 7
C = 48
R = 27
M = 3
W = 0
S = 2
- Additional options for the Greedy and LargeKGreedy algorithms -
GREEDY_OPTION = 2
REPEATS = 2000
PERMUTATIONFILE = 
----------------------- Optional outputs ------------------------
PRINT_PERMUTED_DATA = 1
PERMUTED_DATAFILE = arabid.perm_datafile
PRINT_EVERY_PERM = 0
EVERY_PERMFILE = 
PRINT_RANDOM_INPUTORDER = 0
RANDOM_INPUTORDERFILE = 
----------------------- Advanced options ------------------------
OVERRIDE_WARNINGS = 0
ORDER_BY_RUN = 1


In total, 2000 configurations of runs and clusters will be tested.

Results
------------------------------
The highest value of H' is: 0.97950985208146

The list of permutations of the clusters that produces that
H' value is (runs are listed sequentially on separate rows)

1 2 3 4 5 6 7 
2 3 4 5 1 7 6 
1 5 6 4 2 3 7 
1 7 5 6 4 2 3 
3 5 7 2 1 4 6 
7 2 6 1 3 5 4 
3 2 6 4 7 1 5 
7 3 5 4 6 2 1 
3 7 5 2 1 4 6 
7 2 3 4 5 6 1 
7 6 5 3 2 1 4 
6 1 3 2 4 7 5 
4 1 3 5 6 2 7 
4 6 7 2 5 1 3 
4 7 5 6 3 2 1 
5 7 6 3 4 1 2 
5 6 1 7 4 2 3 
3 6 4 5 1 7 2 
2 1 3 4 5 7 6 
7 2 6 3 4 1 5 
7 2 4 6 5 1 3 
1 6 4 7 2 5 3 
5 3 7 2 4 6 1 
7 4 2 3 6 5 1 
6 7 3 5 1 2 4 
3 4 5 2 6 1 7 
6 7 2 3 5 4 1 

The pairwise G' values for each pair of runs where the clusters
of each run are permuted according to the list of permutations above

1.0000 0.9662 0.9696 0.9704 0.9672 0.9750 0.9664 0.9684 0.9760 0.9746 0.9708 0.9728 0.9674 0.9733 0.9738 0.9678 0.9731 0.9760 0.9679 0.9669 0.9707 0.9714 0.9731 0.9663 0.9775 0.9703 0.9612 
0.9662 1.0000 0.9814 0.9807 0.9836 0.9746 0.9852 0.9839 0.9769 0.9758 0.9808 0.9820 0.9844 0.9701 0.9712 0.9826 0.9789 0.9783 0.9775 0.9815 0.9830 0.9839 0.9806 0.9843 0.9772 0.9843 0.9811 
0.9696 0.9814 1.0000 0.9823 0.9811 0.9789 0.9802 0.9829 0.9784 0.9802 0.9837 0.9823 0.9816 0.9769 0.9777 0.9818 0.9802 0.9797 0.9829 0.9820 0.9859 0.9840 0.9832 0.9808 0.9802 0.9845 0.9799 
0.9704 0.9807 0.9823 1.0000 0.9789 0.9779 0.9784 0.9818 0.9793 0.9799 0.9816 0.9836 0.9783 0.9769 0.9749 0.9809 0.9802 0.9790 0.9787 0.9799 0.9835 0.9808 0.9793 0.9811 0.9812 0.9826 0.9792 
0.9672 0.9836 0.9811 0.9789 1.0000 0.9737 0.9852 0.9832 0.9755 0.9728 0.9814 0.9824 0.9855 0.9693 0.9705 0.9825 0.9789 0.9786 0.9785 0.9844 0.9818 0.9802 0.9804 0.9844 0.9795 0.9832 0.9815 
0.9750 0.9746 0.9789 0.9779 0.9737 1.0000 0.9746 0.9767 0.9822 0.9784 0.9797 0.9805 0.9765 0.9798 0.9831 0.9791 0.9770 0.9825 0.9807 0.9769 0.9790 0.9794 0.9820 0.9772 0.9805 0.9797 0.9737 
0.9664 0.9852 0.9802 0.9784 0.9852 0.9746 1.0000 0.9842 0.9761 0.9756 0.9824 0.9813 0.9850 0.9699 0.9707 0.9832 0.9782 0.9780 0.9792 0.9834 0.9829 0.9823 0.9788 0.9843 0.9774 0.9825 0.9819 
0.9684 0.9839 0.9829 0.9818 0.9832 0.9767 0.9842 1.0000 0.9773 0.9778 0.9830 0.9844 0.9846 0.9733 0.9737 0.9823 0.9797 0.9801 0.9816 0.9841 0.9856 0.9838 0.9810 0.9853 0.9792 0.9840 0.9806 
0.9760 0.9769 0.9784 0.9793 0.9755 0.9822 0.9761 0.9773 1.0000 0.9814 0.9813 0.9803 0.9757 0.9805 0.9827 0.9799 0.9810 0.9836 0.9790 0.9763 0.9802 0.9818 0.9835 0.9775 0.9830 0.9812 0.9736 
0.9746 0.9758 0.9802 0.9799 0.9728 0.9784 0.9756 0.9778 0.9814 1.0000 0.9823 0.9805 0.9741 0.9826 0.9789 0.9757 0.9798 0.9804 0.9808 0.9766 0.9816 0.9811 0.9795 0.9752 0.9802 0.9780 0.9739 
0.9708 0.9808 0.9837 0.9816 0.9814 0.9797 0.9824 0.9830 0.9813 0.9823 1.0000 0.9821 0.9808 0.9775 0.9758 0.9812 0.9814 0.9797 0.9836 0.9819 0.9846 0.9816 0.9810 0.9823 0.9806 0.9824 0.9806 
0.9728 0.9820 0.9823 0.9836 0.9824 0.9805 0.9813 0.9844 0.9803 0.9805 0.9821 1.0000 0.9826 0.9764 0.9763 0.9833 0.9807 0.9829 0.9819 0.9827 0.9847 0.9849 0.9827 0.9829 0.9833 0.9827 0.9805 
0.9674 0.9844 0.9816 0.9783 0.9855 0.9765 0.9850 0.9846 0.9757 0.9741 0.9808 0.9826 1.0000 0.9702 0.9734 0.9828 0.9811 0.9812 0.9799 0.9844 0.9838 0.9835 0.9817 0.9837 0.9787 0.9827 0.9801 
0.9733 0.9701 0.9769 0.9769 0.9693 0.9798 0.9699 0.9733 0.9805 0.9826 0.9775 0.9764 0.9702 1.0000 0.9821 0.9741 0.9769 0.9795 0.9772 0.9738 0.9783 0.9765 0.9781 0.9715 0.9790 0.9765 0.9704 
0.9738 0.9712 0.9777 0.9749 0.9705 0.9831 0.9707 0.9737 0.9827 0.9789 0.9758 0.9763 0.9734 0.9821 1.0000 0.9769 0.9758 0.9817 0.9778 0.9749 0.9773 0.9776 0.9822 0.9729 0.9786 0.9775 0.9702 
0.9678 0.9826 0.9818 0.9809 0.9825 0.9791 0.9832 0.9823 0.9799 0.9757 0.9812 0.9833 0.9828 0.9741 0.9769 1.0000 0.9789 0.9816 0.9800 0.9842 0.9845 0.9823 0.9837 0.9840 0.9807 0.9841 0.9822 
0.9731 0.9789 0.9802 0.9802 0.9789 0.9770 0.9782 0.9797 0.9810 0.9798 0.9814 0.9807 0.9811 0.9769 0.9758 0.9789 1.0000 0.9834 0.9790 0.9798 0.9832 0.9819 0.9805 0.9776 0.9832 0.9808 0.9736 
0.9760 0.9783 0.9797 0.9790 0.9786 0.9825 0.9780 0.9801 0.9836 0.9804 0.9797 0.9829 0.9812 0.9795 0.9817 0.9816 0.9834 1.0000 0.9801 0.9806 0.9825 0.9834 0.9846 0.9790 0.9831 0.9823 0.9736 
0.9679 0.9775 0.9829 0.9787 0.9785 0.9807 0.9792 0.9816 0.9790 0.9808 0.9836 0.9819 0.9799 0.9772 0.9778 0.9800 0.9790 0.9801 1.0000 0.9808 0.9830 0.9819 0.9812 0.9805 0.9802 0.9806 0.9808 
0.9669 0.9815 0.9820 0.9799 0.9844 0.9769 0.9834 0.9841 0.9763 0.9766 0.9819 0.9827 0.9844 0.9738 0.9749 0.9842 0.9798 0.9806 0.9808 1.0000 0.9843 0.9810 0.9820 0.9843 0.9796 0.9823 0.9821 
0.9707 0.9830 0.9859 0.9835 0.9818 0.9790 0.9829 0.9856 0.9802 0.9816 0.9846 0.9847 0.9838 0.9783 0.9773 0.9845 0.9832 0.9825 0.9830 0.9843 1.0000 0.9859 0.9840 0.9823 0.9819 0.9856 0.9811 
0.9714 0.9839 0.9840 0.9808 0.9802 0.9794 0.9823 0.9838 0.9818 0.9811 0.9816 0.9849 0.9835 0.9765 0.9776 0.9823 0.9819 0.9834 0.9819 0.9810 0.9859 1.0000 0.9836 0.9815 0.9809 0.9845 0.9782 
0.9731 0.9806 0.9832 0.9793 0.9804 0.9820 0.9788 0.9810 0.9835 0.9795 0.9810 0.9827 0.9817 0.9781 0.9822 0.9837 0.9805 0.9846 0.9812 0.9820 0.9840 0.9836 1.0000 0.9811 0.9818 0.9838 0.9763 
0.9663 0.9843 0.9808 0.9811 0.9844 0.9772 0.9843 0.9853 0.9775 0.9752 0.9823 0.9829 0.9837 0.9715 0.9729 0.9840 0.9776 0.9790 0.9805 0.9843 0.9823 0.9815 0.9811 1.0000 0.9782 0.9819 0.9840 
0.9775 0.9772 0.9802 0.9812 0.9795 0.9805 0.9774 0.9792 0.9830 0.9802 0.9806 0.9833 0.9787 0.9790 0.9786 0.9807 0.9832 0.9831 0.9802 0.9796 0.9819 0.9809 0.9818 0.9782 1.0000 0.9816 0.9760 
0.9703 0.9843 0.9845 0.9826 0.9832 0.9797 0.9825 0.9840 0.9812 0.9780 0.9824 0.9827 0.9827 0.9765 0.9775 0.9841 0.9808 0.9823 0.9806 0.9823 0.9856 0.9845 0.9838 0.9819 0.9816 1.0000 0.9794 
0.9612 0.9811 0.9799 0.9792 0.9815 0.9737 0.9819 0.9806 0.9736 0.9739 0.9806 0.9805 0.9801 0.9704 0.9702 0.9822 0.9736 0.9736 0.9808 0.9821 0.9811 0.9782 0.9763 0.9840 0.9760 0.9794 1.0000 
